0.000000000000
4.841896064500
14.475688193499
28.851376386998
47.918960644997
71.628440967496
99.929817354494
132.773089805992
170.108258321990
212.335322902488
259.504283547485
311.665140256982
8.867893030978
71.162541869475
138.599086772471
211.227527739967
289.097864771962
12.260097868458
100.764227029453
194.660252254947
293.998173544942
38.827990899436
149.199704318430
265.163313801924
26.768819349917
154.066220962410
287.105518639403
65.936712380895
210.609802186888
1.174788057380
157.681669992371
320.180447991863
128.721122055854
303.353692184345
124.128158377336
311.094520634826
144.302778956816
343.802933343306
189.351204666096
39.333641023698
253.700242416110
112.401008843331
335.385940305364
202.605036802206
74.008298333859
309.545724900322
189.167316501595
72.823073137679
320.462994808572
212.037081514276
107.495333254790
6.787750030115
269.864331840250
176.675078685195
87.169990564951
1.299067479517
279.012309428894
200.259716413081
124.991288432078
53.157025485885
344.706927574502
279.590994697930
217.759226856169
159.161624049218
103.748186277077
51.468913539745
2.273805837225
316.112863169514
272.936085536614
232.693472938524
195.335025375244
160.810742846774
129.070625353115
100.064672894266
73.742885470227
50.055263080999
28.951805726581
10.382513406973
354.297386122176
340.646423872190
329.379626657012
320.446994476645
313.798527331088
309.384225220341
307.154088144404
307.058116103279
309.046309096965
313.068667125459
319.075190188765
327.015878286880
336.840731419806
348.499749587544
1.942932790090
17.120281027446
33.981794299613
52.477472606591
72.557315948378
94.171324324975
117.269497736382
141.801836182602
167.718339663630
194.969008179471
223.503841730120
253.272840315581
284.226003935850
316.313332590930
349.484826280821
23.690485005522
58.880308765034
95.004297559356
132.012451388487
169.854770252429
208.481254151182
247.841903084745
287.886717053117
328.565696056300
9.828840094292
51.626149167098
93.907623274713
136.623262417138
179.723066594370
223.157035806413
266.875170053269
310.827469334934
355.326764086142
40.983892960345
87.754115803581
135.859594866187
185.343069517724
236.357946452557
289.109114383750
343.642675146261
40.017650767270
98.304877065735
158.679892903552
221.185566267297
285.847327578434
352.722817963436
61.825508236947
133.201172134217
206.839015984941
282.755116233619
0.881136971956
81.188869705073
163.698836855924
248.303814481686
335.010358629116
63.842381429956
154.796243869561
247.932260566140
343.237435752644
80.730126239595
180.421819487516
282.265969506305
26.292677858898
132.581553175559
241.076061893463
351.154208187263
102.879895088555
216.267905080648
330.539615122752
85.503296892763
201.083942457663
317.124529852097
73.624557523899
190.657505343401
308.291635112760
66.683927359929
185.912857612623
306.089928815699
67.348431597402
189.728665675298
313.384253539953
78.384363423395
204.781955336212
332.719391794639
102.171289663394
233.231105701697
5.967475568765
140.350573471319
276.521790000637
54.450515074699
194.126902172954
335.641127218641
118.907937258470
263.973367206989
50.876115743478
199.549278130796
350.060480430849
142.419551654807
296.524089480678
92.467067428846
250.233726044606
49.732313486869
211.161216312355
14.311067657195
179.239413370271
346.079646265750
154.582870835233
325.009489932531
137.274624143499
311.271697552202
127.167196509054
304.865988939260
124.374230924533
305.760339437863
129.062636970404
314.084046641077
141.090924695988
329.916826404523
160.562341842992
353.260053373809
187.742486485983
24.143715496569
222.483150697618
62.764778287609
264.856528223066
109.134701003114
315.153840081301
163.185379108231
13.204711510346
225.255256873374
79.072388530267
295.211443301028
153.064375694904
13.013769353181
235.010864776344
99.094699497710
324.915157874531
193.128108566085
63.234240736496
295.286938224061
169.531341323137
45.941394570603
284.107340683882
164.554468999742
47.345598240302
291.707316686316
178.478908603095
67.522043839144
318.372480484554
211.377706996426
106.956019347456
4.277673464200
263.636889863905
165.871912112247
69.648515817908
335.682594846323
244.638086554755
154.906404727835
67.912051944497
343.545027589986
260.429524054537
181.044801522153
102.581833979528
27.472473042639
314.126472409339
243.260718954557
174.740424816865
108.452458607943
44.477502212896
342.696685603748
283.335864561825
226.005611647724
170.895111415221
118.144580150189
67.093059043890
18.393488013526
331.547894241718
286.666235530869
243.766791609524
202.965372741086
163.907768552139
127.061209686343
91.949624886553
58.977715824460
27.768115916052
358.778865480484
331.842542477000
307.571868722049
286.171714935701
268.560074052890
255.198774779314
246.931821391505
244.518863277592
248.755763439075
260.424573218621
280.189360143629
308.728207187592
346.363560100676
33.870488629359
91.298992773673
158.699072533594
236.120727909125
323.613958900272
61.228765507036
169.015147729421
287.023105567432
55.302639021045
193.903748090290
342.876432775144
142.270693075611
312.136528991694
132.523940523398
323.482927670725
165.063490433653
17.315628812211
240.289342806377
114.034632416154
358.601497641547
254.039938482558
160.399954939190
77.731547011449
6.084714699310
305.509458002803
256.055776921907
217.773671456624
190.713141606957
174.924187372912
170.456808754464
175.917139791429
190.144132503449
215.440238432768
247.041227305189
290.183705307245
337.260339012357
35.954900821191
97.269637629685
170.274633572156
244.996798909600
329.576068356713
57.462958209304
152.423358893595
251.719988237313
356.206179997972
105.131562034456
218.427945027262
335.752151619222
96.912645157847
221.633298230471
349.679954447695
120.731855359457
254.394074117761
30.281993640787
167.931170974800
307.013014144372
87.204737333306
228.172810985521
9.640165555594
151.362121683643
293.021218348250
74.731883344867
216.264483782367
357.090272729041
139.126024727906
279.818172097720
59.726636114968
201.894433751273
342.410364462766
121.041031258199
260.646506558834
40.930899525387
179.730029711831
317.199188656248
94.683953801083
232.670147814940
10.881855491001
148.861211897827
286.512420037902
64.029112484062
201.642228142932
339.488050502754
117.586521450257
255.939942975708
34.521745614629
173.287525689797
312.272747453117
91.562998343520
231.199603639706
11.271746540995
151.854652513474
292.958803485886
74.665963417221
217.001992078815
0.025472780144
143.744559623831
288.119966141833
73.130085310881
218.764079291469
4.980352783919
151.677094137920
298.788024429703
86.274722775574
234.071598337460
22.086900656156
170.271239148373
318.614154469801
107.073659375868
255.594689203943
44.206548945486
192.893775821569
341.614538701518
130.403261948544
279.299559641443
68.264544993223
217.319861425218
6.573206673502
156.003641566865
305.669958916159
95.713683840501
246.102175936345
36.908808183651
188.178755277771
339.719604571941
131.443089825316
283.169359719959
74.461813648459
225.353442262703
15.748102959644
165.772920104218
315.912243178054
106.149988926035
256.576434571642
46.986960274635
197.340622663325
348.043233744045
139.422595012469
291.998414791363
85.821909473342
240.629582570430
36.282326113119
192.992401896811
351.659804082516
152.971102117502
317.098273941131
123.369777560187
291.216230750991
100.776418072039
273.294385746733
90.006594529891
271.348792969075
96.539175746235
284.607340447616
115.130750925877
308.913670927344
147.241637398607
351.017475025036
200.209990454679
54.087120966350
272.313192156565
134.998664686774
2.673005200384
236.010649374620
114.965461934779
359.092504215595
247.549742574081
139.655930403461
34.050189404280
289.196128118429
183.340526310677
74.650829497865
321.362275486133
200.951671510349
71.822321638508
293.924225870634
147.207384206695
351.621796646715
187.117463190665
13.644383838566
191.152558590441
359.591987446261
158.912670405997
309.064607469722
89.997798637355
221.662243908971
344.007943284541
96.984896764034
201.415931213968
296.661490742806
25.115375266247
105.580081281036
179.574275493396
248.942647171946
312.205715560546
12.791539649446
69.161146364545
124.008819499236
176.225479923134
227.175084359928
276.637286657666
324.316544699279
11.125503963196
55.246259973516
98.611823993772
139.248440475685
178.535893819329
215.787626298117
250.901542344584
284.486595747826
315.518319283409
345.116529342793
11.765959641877
36.902433459597
59.509003729595
79.799179562371
98.114259342254
113.866771567346
127.725547715531
138.935346984903
148.576387959905
155.206200636110
160.133916014680
162.718119952814
162.951251234278
160.965753212772
156.754305356503
150.401125532218
141.430633403259
130.631183921166
117.083438777826
101.737041893390
83.380537232726
63.570335195729
40.711471496207
15.894660510924
348.450085617004
319.117205230775
286.954750405700
252.707163609708
215.910926216359
177.050351897515
135.407264363211
91.576662295587
45.434916268546
356.864292313772
305.733615471813
252.190853015211
196.497489439148
138.245439323947
77.475464013204
14.247419155695
308.787625666325
240.816004807571
170.245398258147
97.312395191215
22.030199469107
304.318885683338
223.956143008151
141.173106516963
56.170174270964
328.748361274282
238.720135412379
146.151515632393
51.344476406800
314.203778531950
214.403499157129
111.962820262060
7.113217902420
259.838164136358
149.793715349391
36.740835210251
280.877608384917
162.174499194102
39.883223949698
273.522907509952
143.123046396871
8.268225839177
228.125034089375
81.992483843290
289.302783876665
129.757914958564
322.877393282391
148.293407053816
326.137133755048
136.495314894339
299.596376045303
96.591290740538
250.074319174801
42.561519688872
196.248024771875
355.125872336329
161.993612430121
336.751717826805
159.820198490851
353.397731042726
197.464186250853
50.394125878731
273.125864155009
147.608874919851
33.425921194614
289.649853621263
196.788500772645
117.347731054589
49.291974673691
356.480471273129
309.246233526869
278.647736557488
249.261955770054
234.818031487166
207.180973551535
