5.000000000000
6.000000000000
7.000000000000
8.000000000000
9.000000000000
10.000000000000
11.000000000000
12.000000000000
13.000000000000
14.000000000000
15.000000000000
16.000000000000
17.000000000000
18.000000000000
19.000000000000
20.000000000000
21.000000000000
22.000000000000
23.000000000000
24.000000000000
25.000000000000
26.000000000000
27.000000000000
28.000000000000
29.000000000000
30.000000000000
31.000000000000
32.000000000000
33.000000000000
34.000000000000
35.000000000000
36.000000000000
37.000000000000
38.000000000000
39.000000000000
40.000000000000
41.000000000000
42.000000000000
43.000000000000
44.000000000000
45.000000000000
46.000000000000
47.000000000000
48.000000000000
49.000000000000
50.000000000000
50.000000000000
50.000000000000
50.000000000000
50.000000000000
50.000000000000
50.000000000000
50.000000000000
50.000000000000
50.000000000000
50.000000000000
50.000000000000
50.000000000000
50.000000000000
50.000000000000
50.000000000000
50.000000000000
49.944539036926
50.000000000000
50.000000000000
50.000000000000
50.000000000000
49.809228835049
48.809228835049
47.809228835049
46.809228835049
45.809228835049
44.809228835049
43.809228835049
42.809228835049
41.809228835049
40.809228835049
39.809228835049
38.809228835049
37.809228835049
36.809228835049
35.809228835049
34.809228835049
33.809228835049
32.809228835049
31.809228835049
30.809228835049
29.809228835049
28.809228835049
27.809228835049
26.809228835049
25.809228835049
24.809228835049
23.809228835049
22.809228835049
21.809228835049
20.809228835049
19.809228835049
18.809228835049
17.809228835049
16.809228835049
15.809228835049
14.809228835049
13.809228835049
12.809228835049
11.809228835049
10.809228835049
9.809228835049
8.809228835049
7.809228835049
6.809228835049
5.809228835049
4.809228835049
3.809228835049
2.809228835049
2.611886246206
3.442304711627
4.442304711627
5.442304711627
6.442304711627
7.442304711627
8.442304711627
9.442304711627
10.442304711627
11.442304711627
12.442304711627
13.442304711627
14.442304711627
15.442304711627
16.442304711627
17.442304711627
18.442304711627
18.209638508532
17.209638508532
16.209638508532
15.209638508532
14.209638508532
13.209638508532
12.209638508532
11.209638508532
10.209638508532
9.209638508532
8.209638508532
7.209638508532
6.209638508532
6.581821471555
7.581821471555
8.581821471555
9.581821471555
10.581821471555
11.581821471555
12.581821471555
13.581821471555
14.581821471555
15.581821471555
16.581821471555
17.581821471555
16.581821471555
15.581821471555
14.581821471555
13.581821471555
12.581821471555
11.581821471555
10.581821471555
9.581821471555
8.581821471555
8.457989437565
9.457989437565
10.457989437565
11.457989437565
12.457989437565
13.457989437565
14.457989437565
15.457989437565
16.457989437565
17.457989437565
17.358421590809
16.358421590809
15.358421590809
14.358421590809
13.358421590809
12.358421590809
11.358421590809
10.358421590809
9.358421590809
8.358421590809
7.358421590809
7.665398645610
8.665398645610
9.665398645610
10.665398645610
11.665398645610
12.665398645610
13.665398645610
14.665398645610
15.665398645610
16.665398645610
15.665398645610
14.665398645610
13.665398645610
12.665398645610
11.665398645610
10.665398645610
9.665398645610
10.665398645610
11.665398645610
12.665398645610
13.665398645610
14.665398645610
15.665398645610
15.104657752668
14.104657752668
13.104657752668
12.104657752668
11.104657752668
10.104657752668
9.104657752668
10.104657752668
11.104657752668
12.104657752668
13.104657752668
14.104657752668
15.104657752668
15.634120004454
14.634120004454
13.634120004454
12.634120004454
11.634120004454
10.634120004454
9.634120004454
8.693082106655
9.693082106655
10.693082106655
11.693082106655
12.693082106655
13.693082106655
14.693082106655
15.693082106655
14.693082106655
13.693082106655
12.693082106655
11.693082106655
10.693082106655
9.693082106655
8.693082106655
8.770328400635
9.770328400635
10.770328400635
11.770328400635
12.770328400635
13.770328400635
14.770328400635
15.044749109848
14.044749109848
13.044749109848
12.044749109848
11.044749109848
10.044749109848
9.044749109848
8.044749109848
7.370443320452
8.125404836884
9.125404836884
10.125404836884
11.125404836884
12.125404836884
13.125404836884
14.125404836884
15.125404836884
14.981760402319
13.981760402319
12.981760402319
11.981760402319
10.981760402319
9.981760402319
8.981760402319
7.981760402319
6.981760402319
6.295742871855
6.654547169325
7.654547169325
8.654547169325
9.654547169325
10.654547169325
11.654547169325
12.654547169325
13.654547169325
14.471211779635
14.292036515018
13.292036515018
12.292036515018
11.292036515018
10.292036515018
9.292036515018
8.292036515018
7.292036515018
6.399272772175
6.389930504261
7.235589499152
8.235589499152
9.235589499152
10.235589499152
11.235589499152
12.235589499152
13.235589499152
13.827717646668
13.643513208766
12.677520998518
11.677520998518
10.677520998518
9.677520998518
8.677520998518
7.677520998518
6.677520998518
5.677520998518
4.677520998518
3.677520998518
2.677520998518
1.677520998518
0.677520998518
0.000000000000
0.000000000000
0.170701838339
1.000000000000
2.000000000000
3.000000000000
4.000000000000
5.000000000000
6.000000000000
7.000000000000
8.000000000000
9.000000000000
10.000000000000
11.000000000000
12.000000000000
13.000000000000
14.000000000000
15.000000000000
16.000000000000
17.000000000000
18.000000000000
19.000000000000
20.000000000000
21.000000000000
22.000000000000
23.000000000000
24.000000000000
25.000000000000
26.000000000000
27.000000000000
28.000000000000
29.000000000000
30.000000000000
31.000000000000
32.000000000000
33.000000000000
34.000000000000
35.000000000000
36.000000000000
37.000000000000
38.000000000000
39.000000000000
40.000000000000
41.000000000000
42.000000000000
43.000000000000
44.000000000000
45.000000000000
46.000000000000
47.000000000000
48.000000000000
49.000000000000
50.000000000000
50.000000000000
50.000000000000
50.000000000000
50.000000000000
50.000000000000
50.000000000000
50.000000000000
50.000000000000
50.000000000000
50.000000000000
50.000000000000
50.000000000000
50.000000000000
50.000000000000
50.000000000000
50.000000000000
50.000000000000
50.000000000000
50.000000000000
50.000000000000
50.000000000000
50.000000000000
50.000000000000
50.000000000000
50.000000000000
50.000000000000
50.000000000000
50.000000000000
50.000000000000
50.000000000000
50.000000000000
50.000000000000
50.000000000000
50.000000000000
50.000000000000
50.000000000000
50.000000000000
50.000000000000
50.000000000000
50.000000000000
50.000000000000
50.000000000000
50.000000000000
50.000000000000
50.000000000000
50.000000000000
50.000000000000
50.000000000000
50.000000000000
50.000000000000
50.000000000000
50.000000000000
50.000000000000
50.000000000000
50.000000000000
50.000000000000
50.000000000000
50.000000000000
50.000000000000
50.000000000000
50.000000000000
50.000000000000
50.000000000000
50.000000000000
50.000000000000
50.000000000000
50.000000000000
50.000000000000
50.000000000000
50.000000000000
50.000000000000
50.000000000000
50.000000000000
50.000000000000
50.000000000000
50.000000000000
50.000000000000
50.000000000000
50.000000000000
50.000000000000
50.000000000000
50.000000000000
50.000000000000
50.000000000000
50.000000000000
50.000000000000
50.000000000000
50.000000000000
50.000000000000
50.000000000000
50.000000000000
50.000000000000
50.000000000000
50.000000000000
50.000000000000
50.000000000000
50.000000000000
50.000000000000
50.000000000000
50.000000000000
50.000000000000
50.000000000000
50.000000000000
50.000000000000
50.000000000000
50.000000000000
50.000000000000
50.000000000000
50.000000000000
50.000000000000
50.000000000000
50.000000000000
50.000000000000
50.000000000000
50.000000000000
50.000000000000
50.000000000000
50.000000000000
50.000000000000
50.000000000000
50.000000000000
50.000000000000
50.000000000000
50.000000000000
50.000000000000
50.000000000000
50.000000000000
50.000000000000
50.000000000000
50.000000000000
50.000000000000
50.000000000000
50.000000000000
50.000000000000
50.000000000000
50.000000000000
50.000000000000
50.000000000000
50.000000000000
50.000000000000
50.000000000000
50.000000000000
50.000000000000
50.000000000000
50.000000000000
50.000000000000
50.000000000000
50.000000000000
50.000000000000
50.000000000000
50.000000000000
50.000000000000
50.000000000000
50.000000000000
50.000000000000
50.000000000000
50.000000000000
50.000000000000
50.000000000000
50.000000000000
50.000000000000
50.000000000000
50.000000000000
50.000000000000
50.000000000000
50.000000000000
50.000000000000
50.000000000000
50.000000000000
50.000000000000
50.000000000000
50.000000000000
50.000000000000
50.000000000000
50.000000000000
50.000000000000
50.000000000000
50.000000000000
50.000000000000
50.000000000000
50.000000000000
50.000000000000
50.000000000000
50.000000000000
50.000000000000
50.000000000000
50.000000000000
50.000000000000
50.000000000000
50.000000000000
50.000000000000
50.000000000000
50.000000000000
50.000000000000
50.000000000000
50.000000000000
50.000000000000
50.000000000000
50.000000000000
50.000000000000
50.000000000000
50.000000000000
50.000000000000
50.000000000000
50.000000000000
50.000000000000
50.000000000000
50.000000000000
50.000000000000
50.000000000000
50.000000000000
50.000000000000
50.000000000000
50.000000000000
50.000000000000
50.000000000000
50.000000000000
50.000000000000
50.000000000000
50.000000000000
50.000000000000
50.000000000000
50.000000000000
50.000000000000
50.000000000000
50.000000000000
50.000000000000
