4.595486194660
4.574346033037
4.550799168621
4.526021462983
4.501021677012
4.476021849715
4.451022101559
4.426022103710
4.401022209342
4.376302806724
4.371179843008
4.386327003758
4.408694158396
4.432579466376
4.457153166502
4.481973466672
4.506906063231
4.531882440015
4.556875804294
4.581872253484
4.606860085207
4.631852268906
4.656850735575
4.681848335875
4.706847101429
4.731844882128
4.756844143593
4.781839051205
4.806837201725
4.831836516533
4.856831314422
4.881806123921
4.906765144105
4.931640747664
4.955816420171
4.980531375543
5.004539329654
5.024047387772
5.035061262958
5.040615773008
5.015918597991
4.990919032561
4.965918060280
4.940918137075
4.915918217648
4.890918254220
4.865918267082
4.840918279491
4.815917217725
4.790917221584
4.765917225206
4.740916154881
4.715915084029
4.690915086521
4.665915088004
4.640915089296
4.615915090364
4.590914016907
4.565914017404
4.540912943280
4.515912943280
4.490912943280
4.465911869097
4.440911869097
4.415908324991
4.390908324991
4.365908324991
4.340907250808
4.315907250808
4.290907250808
4.265906176625
4.240906176625
4.215905102441
4.190905102441
4.165904028258
4.140904028258
4.115904022861
4.090904013820
4.065904013820
4.040902939637
4.015901865454
3.990901863460
3.965901863460
3.940901863460
3.915901863460
3.890901863460
3.865901863460
3.840900789277
3.815900789277
3.790900789277
3.765899715094
3.740899715094
3.715898640911
3.690898640911
3.665898628873
3.640898552925
3.615898512805
3.590898512805
3.565897438622
3.540897438622
3.515897438622
3.490897438622
3.465897438622
3.440896364439
3.415896364439
3.390896364439
3.365895290256
3.340895290256
3.315895290256
3.290894216072
3.265894216072
3.240894216072
3.215894635984
3.190894490512
3.165894671653
3.140895098782
3.115895228116
3.090895228116
3.065894153933
3.040894370673
3.015894370673
2.990894370673
2.965893296489
2.940893296489
2.915893296489
2.890892255213
2.865892255213
2.840892255213
2.815892255213
2.792376780946
2.809666367607
2.834651686776
2.859651834588
2.884651790297
2.909652863876
2.934652863129
2.959652862305
2.984653935506
3.009655008451
3.034656081341
3.059656080049
3.084656078432
3.109656076464
3.134656074496
3.159656070951
3.184656067093
3.209657137417
3.234657133559
3.259657129700
3.284657120593
3.309657107731
3.334657057899
3.359656998652
3.384656918556
3.409656863666
3.434656850804
3.459657918084
3.484657914225
3.509658984550
3.534658980691
3.559658976833
3.584658974174
3.609658972206
3.634660044582
3.659661117472
3.684661116179
3.709662189144
3.734663262486
3.759663261614
3.784664334728
3.809665363731
3.834666363428
3.859640475221
3.848512814887
3.823512950241
3.798512950241
3.773512950241
3.748512950241
3.723512950241
3.698512950241
3.673512950241
3.648511876057
3.623510801874
3.598510801874
3.573510801874
3.548509727691
3.523509727691
3.498509727691
3.473509727691
3.448508653508
3.423508653508
3.398508653508
3.373508653508
3.348508653508
3.323508653508
3.298507579325
3.273506505142
3.248506505142
3.223505430958
3.198505430958
3.173505430958
3.148505430958
3.123505430958
3.098505430958
3.073505430958
3.048504356775
3.023503282592
2.998503282592
2.973503282592
2.948503469492
2.923503556587
2.898502785844
2.873502785844
2.848503304549
2.823502412891
2.800890911177
2.775890964224
2.750889966154
2.725888894862
2.703698322062
2.682843630545
2.660324622536
2.636377947227
2.614752228080
2.597496464970
2.576570858376
2.555486300912
2.535496495827
2.517563729364
2.501058086208
2.481175980317
2.462095058698
2.445084110778
2.428436074765
2.410984732284
2.392208133083
2.375177941754
2.360210325874
2.342918223927
2.324778246601
2.307952993338
2.294758022066
2.276324665044
2.257775471008
2.245599730843
2.226942589539
2.213328505383
2.194297556960
2.181229195894
2.164166703213
2.149857622022
2.129730470813
2.118971270907
2.100205393952
2.085258336454
2.068221227724
2.056872320905
2.035936806807
2.026039065208
2.005235749553
1.993794622247
1.976111302654
1.962234026219
1.948713302493
1.933737126783
1.918828708831
1.909475043416
1.897273068854
1.882906313180
1.874089214558
1.860061936228
1.847198682946
1.832626782478
1.820444288526
1.802770978398
1.789450253606
1.776150718874
1.758878951507
1.748792899108
1.732662253619
1.720066598509
1.710142684911
1.696698105380
1.683651489014
1.678974600268
1.663136883905
1.650155431936
1.644335449676
1.631188895787
1.614863674931
1.608232418174
1.597447145767
1.580049435598
1.574794550660
1.565317131386
1.552370758354
1.541777792139
1.536608796446
1.522618437647
1.508031323572
1.495611219570
1.480285391323
1.461940741703
1.440366112892
1.419927137098
1.397769968067
1.373526778889
1.348527955083
1.323527957770
1.298527958085
1.273527958085
1.248526883902
1.223526883903
1.198525845553
1.173525845553
1.148525845554
1.123524771371
1.098524771371
1.073524771371
1.048524771371
1.023523697188
0.998523697188
0.973522623004
0.948522623004
0.923522623004
0.898522623004
0.873521548821
0.848521548821
0.823521537698
0.798521512300
0.773519323722
0.748519323722
0.723516202921
0.698515128738
0.673515128738
0.648515128738
0.623515128738
0.598515128738
0.573515128738
0.548515128738
0.523514054555
0.498514054555
0.473514054555
0.448512980372
0.423512980372
0.398511906189
0.373511906189
0.348511906189
0.323512060321
0.298512060321
0.273512367728
0.248512814736
0.223513281776
0.198514310137
0.173515313075
0.148521792265
0.125318365652
0.103717377582
0.082684140980
0.065362622767
0.048983216367
0.033401471034
0.024359120960
0.015000336171
0.008680140281
0.002503576109
0.000918915391
0.000347630361
0.000375202494
0.000377717053
0.001284357859
0.001043088460
0.001428915495
0.003007144034
0.002858032789
0.002340751539
0.003373240328
0.001394218385
0.001411855671
0.001339230949
0.001816952022
0.001516050648
0.000489962231
0.000243476639
0.000686415155
0.000366674211
0.000369286258
0.000225615627
0.000360740716
0.000217974955
0.000108710344
0.000244270746
0.000128221291
0.000128528469
0.000108111170
0.000162884040
0.000436781884
0.001746630005
0.003163753563
0.004936829266
0.003209276883
0.002602411894
0.003357644394
0.002958452035
0.001824117466
0.001559212350
0.002559095659
0.001385293180
0.001364945045
0.004283562926
0.004154343042
0.006363576519
0.008050000900
0.008420103229
0.011489453035
0.015244470887
0.018567990807
0.019462078561
0.024506440635
0.027509307991
0.033978911953
0.036655786084
0.042033990775
0.047270707527
0.052000870528
0.055735365553
0.057772286864
0.063010784809
0.066822996100
0.069884249031
0.073512104252
0.077076577584
0.081542742317
0.083687954059
0.085604868639
0.088931688797
0.090421764173
0.092565362388
0.095623449305
0.099618360669
0.103897277701
0.106029190353
0.109294719717
0.113404867851
0.115957345705
0.122262308883
0.124889670888
0.129320086687
0.131761047632
0.133699431168
0.137018001412
0.139973348576
0.142912150647
0.144478760524
0.145029516937
0.147689255236
0.149720034503
0.153906891575
0.156730687075
0.159672053652
0.164507138426
0.168590668107
0.172811523729
0.176994990215
0.179003640897
0.182980323134
0.186237499330
0.189544054832
0.191627339081
0.195284207843
0.199703106620
0.203677359147
0.205430382022
0.210441597395
0.214475726194
0.217290869381
0.222033418141
0.227588392995
0.230047835558
0.235004614152
0.238777999017
0.241361305943
0.246251581859
0.248225643344
0.252135082394
0.254915045899
0.260033551115
0.263549909928
0.268344098663
0.274123123899
0.276262053157
0.282193055301
0.284853053384
0.289533723200
0.292728521041
0.297267571474
0.299220981284
0.304091717596
0.307097506811
0.312205315937
0.315224540965
0.318828202731
0.323407091158
0.327813714737
0.330931308034
0.336158315047
0.339792964117
0.343706344129
0.347498163214
0.352817108825
0.356252867498
0.360823764237
0.365286586560
0.370500043799
0.374093103178
0.378686751567
0.381919567636
0.387678965848
0.389519063725
0.394616726797
0.396296499322
0.401420438456
0.403665575056
0.408306554727
0.411195527372
0.414570012129
0.418395749388
0.421640871452
0.425447196949
0.430008411038
0.432106066035
0.435954571266
0.440554764819
0.442609975449
0.447428630323
0.450749293085
0.454206319261
0.458114251184
0.462550930772
0.466413938136
0.470320081745
0.475259835818
0.476448455295
0.482011727511
0.482453395737
0.484819468027
0.487457192435
0.487908692672
0.489488502793
0.492972547026
0.494883208822
0.497334521440
0.499103650537
0.502499888335
0.503756298627
0.504356374771
0.507260557559
0.508104567271
0.509076962156
0.510603513739
0.512487017400
0.512635094021
0.514292389625
0.515293473049
0.515372678045
0.513905066509
0.514719358449
0.515266699106
0.511996226113
0.510822427309
0.511075149018
0.508237963044
0.506160707641
0.504032032162
0.498833553304
0.493269750523
0.487378137402
0.477022105983
0.468364094202
0.454393053008
0.436841660985
0.419747575287
0.400000997029
0.375001073810
0.350001073810
0.325001073797
0.300001073797
0.275001073797
0.250001073797
0.225001073796
0.200001073794
0.175001073796
0.150001073796
0.124999999612
0.099999999612
0.074999999807
0.050000000000
0.025000000000
0.000000000000
