4.841896064500
4.816896064500
4.791896064500
4.766896064500
4.741896064500
4.716896064500
4.691896064500
4.666896064500
4.691896064500
4.716896064500
4.741896064500
4.766896064500
4.791896064500
4.816896064500
4.841896064500
4.866896064500
4.891896064500
4.916896064500
4.941896064500
4.966896064500
4.991896064500
5.016896064500
5.041896064500
5.066896064500
5.091896064500
5.116896064500
5.141896064500
5.166896064500
5.191896064500
5.216896064500
5.241896064500
5.266896064500
5.291896064500
5.316896064500
5.341896064500
5.366896064500
5.391896064500
5.409165034810
5.384165034810
5.359165034810
5.334165034810
5.309165034810
5.284165034810
5.259165034810
5.234165034810
5.209165034810
5.184165034810
5.159165034810
5.134165034810
5.109165034810
5.084165034810
5.059165034810
5.034165034810
5.009165034810
4.984165034810
4.959165034810
4.934165034810
4.909165034810
4.884165034810
4.859165034810
4.834165034810
4.809165034810
4.784165034810
4.759165034810
4.734165034810
4.709165034810
4.684165034810
4.659165034810
4.634165034810
4.609165034810
4.584165034810
4.559165034810
4.534165034810
4.509165034810
4.484165034810
4.459165034810
4.434165034810
4.409165034810
4.384165034810
4.359165034810
4.334165034810
4.309165034810
4.284165034810
4.259165034810
4.234165034810
4.209165034810
4.184165034810
4.159165034810
4.134165034810
4.109165034810
4.084165034810
4.059165034810
4.034165034810
4.009165034810
3.984165034810
3.959165034810
3.934165034810
3.909165034810
3.884165034810
3.859165034810
3.834165034810
3.809165034810
3.784165034810
3.759165034810
3.734165034810
3.709165034810
3.684165034810
3.659165034810
3.634165034810
3.609165034810
3.584165034810
3.559165034810
3.534165034810
3.509165034810
3.484165034810
3.459165034810
3.434165034810
3.409165034810
3.384165034810
3.359165034810
3.334165034810
3.309165034810
3.284165034810
3.262091086703
3.245257030994
3.228335101930
3.213428968997
3.199089645715
3.186161836704
3.175008984086
3.164378326431
3.154355875917
3.145016739086
3.137126983864
3.129671654546
3.122512950817
3.115879491861
3.109439784591
3.103422042426
3.097413170362
3.091603547863
3.085394512242
3.079075054078
3.072985882992
3.066241225005
3.059633864023
3.053279066672
3.046985557024
3.041181320111
3.035367834577
3.029752917132
3.024287455578
3.018589215809
3.013160443848
3.008315324624
3.003169927679
2.994128320343
2.985605613299
2.977283081711
2.964198187763
2.950084979938
2.935682997314
2.920494401193
2.905487973609
2.891108774664
2.877314034755
2.864624504474
2.852553156266
2.841284444989
2.830932369304
2.820937041391
2.811951092236
2.803468843257
2.795388459269
2.788213922620
2.780976692436
2.774349243154
2.768181853186
2.761916748059
2.756506758496
2.750987431348
2.745474654386
2.740514890960
2.735145706738
2.730083405127
2.725283594282
2.720177338970
2.715485118617
2.710894556740
2.705813356978
2.701272135854
2.696701346957
2.691702525608
2.687777849616
2.682819750486
2.678205845475
2.674315903023
2.669208204896
2.665460397474
2.661325671055
2.656701857755
2.652948014638
2.648762524287
2.644648245026
2.640907846407
2.637389793847
2.632953669907
2.629840759879
2.625961252194
2.622121502088
2.619420433795
2.615483175057
2.612212342773
2.609062781313
2.605961058558
2.602276620072
2.600360243226
2.596418069166
2.593751319758
2.590996965464
2.588464006168
2.584761854310
2.583583205250
2.579700591044
2.577552860703
2.575208386828
2.573056540623
2.569387975337
2.568615505203
2.565678835523
2.562998690422
2.561398289220
2.559699799345
2.556264726980
2.555094163046
2.554199700172
2.550049444920
2.549460470239
2.548297636971
2.545210152689
2.543590151502
2.543712034508
2.540418329699
2.538357444261
2.539734784687
2.535677250836
2.534550927241
2.536110853663
2.531198064952
2.532022588867
2.532402293408
2.527319430415
2.532076195524
2.525736348257
2.528982898287
2.525992185026
2.525814188892
2.525115139001
2.523984686452
2.523173244634
2.521912580042
2.521523583809
2.519656833026
2.518520832453
2.517922523528
2.514843905615
2.514233816366
2.511770172493
2.509733610740
2.507779837328
2.506267827054
2.503464690482
2.502393557268
2.499592756205
2.498283967047
2.495617391636
2.494623644637
2.493034809340
2.493653499086
2.494999450763
2.499602701485
2.505810995484
2.514957761881
2.526714936219
2.541182105830
2.558282551677
2.577577654791
2.599093218903
2.621575615616
2.646575615616
2.671575615616
2.696575615616
2.721575615616
2.746575615616
2.771575615616
2.796575615616
2.821575615616
2.846575615616
2.871575615616
2.896575615616
2.921575615616
2.946575615616
2.971575615616
2.996575615616
3.021575615616
3.046575615616
3.071575615616
3.096575615616
3.121575615616
3.146575615616
3.171575615616
3.196575615616
3.221575615616
3.246575615616
3.271575615616
3.296575615616
3.321575615616
3.346575615616
3.371575615616
3.392063534490
3.408806830879
3.432596602265
3.441489129636
3.466489129636
3.467928103708
3.492928103708
3.490259133971
3.515259133971
3.509793815615
3.529028089234
3.528359183845
3.539037351459
3.541431319350
3.546365843595
3.549030991154
3.551477330336
3.552890820748
3.553729270824
3.553748239152
3.553078400639
3.551471850181
3.548719937890
3.544862739134
3.539677841087
3.533570559912
3.526565673956
3.518639981707
3.509963662558
3.500635977444
3.490454561899
3.480657165233
3.470263069425
3.458429997016
3.452078395477
3.438569429211
3.426709168588
3.423439209065
3.409262376289
3.394514392188
3.387792986946
3.380289177193
3.366848425929
3.353909528773
3.344738365783
3.336948476750
3.328447288732
3.318744840346
3.308834804728
3.299503231561
3.290846258537
3.282603294770
3.274458255235
3.266363060390
3.258240114008
3.250042080200
3.241981972775
3.234191646924
3.226551865863
3.219187712141
3.212060278875
3.204997771581
3.198186282543
3.191477881623
3.184956980993
3.178491134659
3.171957011705
3.165400824726
3.158850499950
3.152226924145
3.145376259882
3.138391126066
3.131343618229
3.124165077766
3.116790107408
3.109327439221
3.101876048791
3.094356435532
3.086736255849
3.079227718651
3.071718067190
3.064141553317
3.056688366286
3.049370465739
3.041992537999
3.034704485017
3.027717599134
3.020713599247
3.013888032719
3.007441870231
3.000947541697
2.994663338801
2.988519289063
2.981939102407
2.975177500612
2.968015108180
2.959837629636
2.951778485885
2.943527896404
2.935620088650
2.928903150176
2.922179918641
2.915702477833
2.908771928376
2.901777505634
2.895770849602
2.890561880912
2.886594425712
2.882765174491
2.878339564329
2.873611031495
2.869396927572
2.867285653208
2.866769741420
2.866652469640
2.864991962343
2.862033149520
2.859405462977
2.859630063184
2.862670179460
2.866686814634
2.868912432601
2.868932499324
2.867998669251
2.868880450454
2.872647115666
2.878421160597
2.884099587091
2.888118594892
2.891372096192
2.894856605623
2.899499646372
2.905614257023
2.911600027727
2.916579388284
2.919686238151
2.921285499626
2.919899910286
2.915165805053
2.906632675800
2.894152833016
2.877899015159
2.856254103949
2.831254103949
2.806254103949
2.781254103949
2.756254103949
2.731254103949
2.706254103949
2.681254103949
2.656254103949
2.631254103949
2.606254103949
2.581254103949
2.556254103949
2.531254103949
2.506254103949
2.483083929664
2.458672718680
2.439360928024
2.417634804197
2.399156328924
2.384581683980
2.367004282378
2.356582281175
2.343030116938
2.335077516738
2.324880206209
2.317519681223
2.309738655006
2.301386240901
2.294926597279
2.284798284574
2.278631975700
2.268495175065
2.261186774432
2.252523654191
2.243689971924
2.236114565067
2.226516480031
2.219196420119
2.208881098401
2.201467079318
2.192060775885
2.183115428240
2.174881346099
2.165518798864
2.157512378991
2.148050785963
2.140748607024
2.130646691522
2.123146214048
2.114422273317
2.105717604837
2.097304478557
2.088909809988
2.080710891813
2.071623806327
2.064093726869
2.054821300302
2.047410775222
2.037703445949
2.031014938626
2.021302363863
2.013708375982
2.004867476393
1.997466006870
1.988306537334
1.980591691674
1.972029796988
1.964414010719
1.955474411423
1.947686838219
1.939696536535
1.931515685478
1.923120230202
1.915032159596
1.907461147903
1.899159758150
1.890964795342
1.882911028042
1.875305372478
1.867211031626
1.858985991622
1.851226097303
1.843518906932
1.835693564495
1.827490415585
1.819738984505
1.812380815581
1.804687612733
1.796681985732
1.788824964167
1.781542424547
1.774114263764
1.766125622748
1.758200217815
1.750718846751
1.743234670670
1.735161987859
1.726691285466
1.718603873752
1.710492688273
1.701081216262
1.690850502766
1.680708210419
1.669867808202
1.657595781746
1.644132834074
1.629719332220
1.614833563302
1.599158455909
1.582895128971
1.566917498606
1.551146657037
1.535827932436
1.522560615790
1.513835404565
1.509493426495
1.508957694444
1.515306633732
1.526450499301
1.537385060819
1.549002539733
1.564345089986
1.579600778134
1.592030613699
1.606016589908
1.623270426471
1.639757294185
1.654616834621
1.670285358970
1.690133834936
1.706482704248
1.729273563299
1.735740776897
1.760740776897
1.759822812751
1.781866347353
1.756866347353
