3.472242150046
3.497199434605
3.521968123177
3.496968192738
3.471968192738
3.446968192738
3.471968197507
3.496968202455
3.521968202455
3.546968202455
3.571968202455
3.596968202455
3.621968202455
3.646968202455
3.671968202455
3.696968202455
3.721968202455
3.746968202455
3.771968202455
3.796968202455
3.821968202455
3.846968206109
3.871968206109
3.896968206109
3.921968206109
3.946968206109
3.971968206109
3.996968206124
3.971968206124
3.946968206124
3.921968206124
3.896968206124
3.871968206124
3.846968206124
3.821968206124
3.796968206124
3.771968206124
3.746968205371
3.721968205371
3.696968205371
3.671968205371
3.646968205371
3.621968205371
3.596968205151
3.571968205149
3.546968205149
3.521968205149
3.496968205149
3.471968205149
3.446968205149
3.421968205149
3.396968205149
3.371968205149
3.346968205149
3.321968205149
3.296968205148
3.271968205148
3.246968205148
3.221968205148
3.196968205148
3.171968205148
3.146968205148
3.121968205148
3.096968205148
3.071968205148
3.046968205148
3.021968205148
2.996968205148
2.971968205148
2.946968205148
2.921968205148
2.896968205148
2.871968205148
2.846968205148
2.821968205148
2.796968205148
2.771968205148
2.746968205148
2.721968205148
2.696968205148
2.671968205148
2.646968205148
2.621968205148
2.596968205148
2.571968205147
2.546968205147
2.521968205147
2.496968205119
2.471968205119
2.446968205119
2.421968204710
2.396968204710
2.371968204708
2.346968204708
2.321968204708
2.296968204708
2.271968204708
2.246968204708
2.221968204708
2.209643040030
2.203972879612
2.197590223736
2.192563992298
2.191618321522
2.193086495751
2.197569144418
2.203095602842
2.209446115666
2.214843150230
2.218582344590
2.221288162349
2.223762335369
2.227496926337
2.233757155238
2.241951105271
2.252171087284
2.263552292407
2.274746584790
2.285986235226
2.297564185365
2.310876630296
2.326593791387
2.344970654505
2.365357341935
2.385803132845
2.406351696686
2.428551611776
2.453549813672
2.478549752584
2.503549752435
2.528549752435
2.553549752434
2.578549752434
2.603549752434
2.628549752434
2.653549752434
2.678549752434
2.703549752434
2.728549752434
2.753549752434
2.778549752434
2.803549752434
2.828549752434
2.853549752434
2.878549752434
2.903549752434
2.928549752434
2.953549752434
2.978549752434
3.003224798622
3.020776674731
3.043290162250
3.060711289120
3.080123921183
3.097142391128
3.114575922537
3.129737371742
3.145270772192
3.158591714548
3.172658269987
3.185999759516
3.199381809168
3.211829926439
3.223227770555
3.235516280148
3.246641370188
3.257771674349
3.267429714146
3.276176316824
3.283902906409
3.291433461762
3.297440369588
3.302560247436
3.305892108344
3.307418057762
3.307948833134
3.307246995009
3.305961422630
3.302910063290
3.298434997044
3.293023997564
3.285512769019
3.276991154603
3.266909720294
3.254704851991
3.241814318446
3.227139029962
3.210775698369
3.194361598598
3.176856783999
3.158196642872
3.140196770115
3.120573889140
3.102274673744
3.082875480839
3.063660179030
3.043867065215
3.023145467373
3.001955443566
2.977542862901
2.952569263974
2.927569521787
2.902569525347
2.877591149123
2.856818814273
2.880356738103
2.899548980682
2.878126167715
2.853260836749
2.828332897157
2.803354738322
2.778354738322
2.753354738322
2.728354738322
2.703354738322
2.678354738322
2.653354738322
2.628354738906
2.603354739710
2.578383350885
2.553782263273
2.529300033084
2.506650565636
2.491131302322
2.475685371718
2.462355091541
2.448858695200
2.434346884875
2.420558087653
2.409096647864
2.396024838364
2.384197156648
2.373229666137
2.360323059251
2.348888305305
2.336521379482
2.324261288728
2.311422402098
2.298276318427
2.285028844129
2.271408163901
2.257020772311
2.241882610498
2.225654591433
2.208588171587
2.190136466153
2.170859051528
2.151024271942
2.130919639793
2.111044538042
2.091929799203
2.073027929825
2.054347509712
2.035263438611
2.015533575702
1.994880132157
1.973329220662
1.951514615227
1.929395421489
1.907315852857
1.884871873143
1.861874912020
1.838181588563
1.813346060233
1.788351747841
1.763351819663
1.738351845158
1.713351847575
1.688351848390
1.663351848420
1.638351848447
1.613351848450
1.588351848450
1.563351848450
1.538351848450
1.513351848450
1.488351848450
1.463351848450
1.438351848450
1.413351848450
1.388351848450
1.363351848450
1.338351848450
1.313351848450
1.288351848450
1.263351848450
1.238351848450
1.213351848450
1.188351848450
1.163351848450
1.138351848450
1.113351848450
1.088351848450
1.063351848450
1.038351848450
1.013351848450
0.988351848450
0.963351848450
0.938351848450
0.913351848450
0.888545976893
0.864832303846
0.840540409350
0.817012397841
0.793785655340
0.771456371716
0.749350557062
0.727874952199
0.706708380250
0.685742480001
0.665704856348
0.645685888943
0.626827554241
0.608100419475
0.589669201791
0.572075474642
0.554946092351
0.538829500711
0.523344079795
0.508324093038
0.494390233276
0.480926749264
0.468197019788
0.456233259372
0.445356789262
0.435216921022
0.426004196869
0.417481289460
0.410011639456
0.402889925487
0.396816364804
0.391322621791
0.386305198173
0.381919070569
0.378500340018
0.375315853166
0.373093983253
0.371370315747
0.370651645017
0.370317276024
0.370777797945
0.371998496098
0.373577621169
0.376141236064
0.378969799554
0.381601165266
0.385877598996
0.388785287076
0.393737317629
0.395418900670
0.392658383706
0.380441978050
0.374976015029
0.382796034372
0.405353561465
0.428563675701
0.452614100485
0.473416844448
0.460721327669
0.438627192659
0.420690165937
0.412213316757
0.405192577362
0.399279135763
0.395130612270
0.393624269134
0.393770270381
0.395985910932
0.395785953394
0.396658757913
0.396440222819
0.397779181131
0.398433563928
0.398116596723
0.396681281999
0.397579639710
0.397696676731
0.398682845367
0.398606633073
0.398563490610
0.399297519913
0.399966159490
0.400830752093
0.402106221554
0.403554102864
0.405568227579
0.407904411955
0.411041128014
0.414832685545
0.419405083065
0.424667056201
0.430434916510
0.436443629846
0.442347591505
0.448006529603
0.453482519319
0.458870607789
0.464600958547
0.470806808617
0.477593121649
0.484932864672
0.492693552199
0.500662173271
0.508613590189
0.516613228495
0.524990667775
0.534177201691
0.544218820106
0.554611381662
0.565061275645
0.575655166469
0.586854307544
0.598879817946
0.611448021583
0.624221821063
0.637144579520
0.650418703923
0.664273897544
0.678650095270
0.693078792584
0.707516470894
0.721991253294
0.736687871333
0.751632752687
0.766376061741
0.780643191377
0.794333305734
0.808067955989
0.821706464039
0.836573993626
0.849094686835
0.862601287982
0.876969573100
0.887857972463
0.899105120141
0.909402580407
0.919884838116
0.930110069545
0.940558478559
0.950853443560
0.960969576786
0.971002974692
0.980962189965
0.990712844970
1.000232205437
1.009680419382
1.019045666097
1.028103565153
1.036893073773
1.045411596145
1.053799840888
1.061966156121
1.069766341486
1.077123231313
1.084017818529
1.090527469582
1.096586900415
1.102236719916
1.107308458868
1.111938123135
1.115889118206
1.119322906913
1.122204677152
1.124438632834
1.126102539478
1.127139284224
1.127638366220
1.127652437293
1.127144222080
1.126103147883
1.124705588480
1.122767767742
1.120467270126
1.117774425927
1.114747917681
1.111339814447
1.107302264843
1.102421756884
1.096659655023
1.090076078522
1.082440919952
1.074274124911
1.065336920154
1.056295085212
1.046826766886
1.037765636751
1.028298915563
1.019460408901
1.010921557177
0.995636928939
0.987165622853
0.996614135935
0.986391799697
0.993995574677
0.993966014296
0.978572194781
0.954040492756
0.974132110640
0.997638130950
1.002310000592
0.979157493989
0.968708904416
0.993692462890
1.018583994008
0.996693003900
0.971693007775
0.962382743682
0.973292712331
0.976098741021
0.971760106061
0.966352568017
0.964979286156
0.961704606712
0.959184812102
0.956289714939
0.953758298677
0.950771991781
0.947639489426
0.944285224042
0.941079570065
0.937542531832
0.933760073922
0.929714105717
0.925365050527
0.920425103940
0.915006847891
0.909052654727
0.902571432549
0.895849050894
0.888890561611
0.882012389422
0.875346976802
0.868857927058
0.862411374224
0.855848050345
0.848852263632
0.841573012319
0.833911844167
0.825955245010
0.818124861194
0.810229878456
0.802279460670
0.794195745280
0.785690925221
0.776963988665
0.768048439025
0.758891625162
0.749801702894
0.740545595098
0.731046949228
0.721468261501
0.711543492166
0.701503910460
0.691575208033
0.681299912488
0.670931566157
0.660448262042
0.649584091105
0.638811382670
0.627913942484
0.616567716457
0.605392680098
0.594129655798
0.582495034461
0.571141210098
0.559740694562
0.548000346729
0.536668664031
0.525394791634
0.513696585796
0.502373131623
0.491304359621
0.479664874741
0.468164097051
0.457022729556
0.445119285372
0.433076001724
0.421456319152
0.408781174259
0.395614743541
0.383093353505
0.369504800800
0.354686998500
0.340526532327
0.325292447812
0.307430228551
0.289117427580
0.269563901705
0.246270993085
0.222975288725
0.199210900518
0.174210900539
0.149210900539
0.124210900539
0.099210900539
0.074210900539
0.049210900539
0.024210900539
0.000000000000
