5.000000000000
6.000000000000
7.000000000000
8.000000000000
9.000000000000
10.000000000000
11.000000000000
12.000000000000
13.000000000000
14.000000000000
15.000000000000
16.000000000000
17.000000000000
18.000000000000
19.000000000000
20.000000000000
21.000000000000
22.000000000000
23.000000000000
24.000000000000
25.000000000000
26.000000000000
27.000000000000
28.000000000000
29.000000000000
30.000000000000
31.000000000000
32.000000000000
33.000000000000
34.000000000000
35.000000000000
36.000000000000
37.000000000000
38.000000000000
39.000000000000
40.000000000000
41.000000000000
42.000000000000
43.000000000000
44.000000000000
45.000000000000
46.000000000000
47.000000000000
48.000000000000
49.000000000000
50.000000000000
50.000000000000
50.000000000000
50.000000000000
50.000000000000
50.000000000000
50.000000000000
50.000000000000
50.000000000000
50.000000000000
49.510000000000
50.000000000000
50.000000000000
50.000000000000
50.000000000000
50.000000000000
49.000000000000
48.000000000000
49.000000000000
50.000000000000
50.000000000000
50.000000000000
50.000000000000
49.000000000000
48.000000000000
48.000000000000
49.000000000000
50.000000000000
49.696353336185
48.696353336185
47.696353336185
46.696353336185
45.696353336185
44.696353336185
44.020335890175
43.020335890175
42.020335890175
41.020335890176
40.020335890176
39.020335890176
38.020335890175
37.020335890176
36.020335890175
35.020335890176
34.020335890176
33.020335890175
32.020335890175
31.020335890175
30.020335890175
29.020335890175
28.020335890175
27.020335890175
26.020335890175
25.020335890175
24.020335890175
23.020335890175
22.020335890175
21.020335890175
20.020335890175
19.020335890176
18.020335890175
17.020335890176
16.020335890176
15.020335890175
14.020335890176
13.020335890176
12.020335890176
11.020335890176
10.020335890176
9.020335890176
8.020335890176
7.020335890176
6.020335890175
5.020335890175
4.020335890175
3.020335890175
2.020335890175
1.020335890175
0.510000000000
0.000000000000
0.000000000000
0.000000000000
0.000000000000
0.510000000000
1.079289456548
2.079289456548
3.079289456548
4.079289456548
5.079289456548
6.079289456548
7.079289456548
8.079289456548
9.079289456548
10.079289456548
11.079289456548
12.079289456548
13.079289456548
14.079289456548
15.079289456548
16.079289456548
16.357116029413
16.377116029413
15.377116029413
14.377116029413
13.377116029413
12.377116029413
11.377116029413
10.377116029413
9.377116029413
8.377116029413
7.377116029413
6.377116029413
5.377116029413
4.377116029413
3.377116029413
4.377116029413
5.377116029413
6.377116029413
7.377116029413
8.377116029413
9.251648439520
8.682358982972
7.682358982972
6.682358982972
5.682358982972
4.682358982972
3.682358982972
2.682358982972
1.682358982972
0.682358982972
0.172358982972
0.682358982972
1.682358982972
2.682358982972
3.682358982972
4.682358982972
5.682358982972
6.682358982972
7.682358982972
8.682358982972
9.682358982972
10.682358982972
11.682358982972
12.682358982972
13.682358982972
14.682358982972
15.682358982972
16.682358982972
17.682358982972
18.682358982972
19.682358982972
20.682358982972
21.682358982972
22.682358982972
23.682358982972
24.682358982972
25.682358982972
26.682358982972
27.682358982972
28.682358982972
29.682358982972
29.535116848611
28.872757865638
27.872757865638
26.872757865638
25.872757865638
24.872757865638
23.872757865638
22.872757865638
21.872757865638
20.872757865638
19.872757865638
18.872757865638
17.872757865638
16.872757865638
15.872757865638
14.872757865638
13.872757865638
12.872757865638
11.872757865638
10.872757865638
9.872757865638
8.872757865638
7.872757865638
6.872757865638
5.872757865638
4.872757865638
3.872757865638
2.872757865638
1.872757865638
0.872757865638
0.000000000000
0.000000000000
1.000000000000
2.000000000000
3.000000000000
4.000000000000
5.000000000000
6.000000000000
7.000000000000
6.490000000000
5.490000000000
4.490000000000
3.490000000000
2.490000000000
1.490000000000
0.490000000000
0.510000000000
0.490000000000
1.490000000000
2.490000000000
3.490000000000
4.490000000000
5.490000000000
6.490000000000
7.490000000000
8.490000000000
9.490000000000
10.490000000000
11.490000000000
12.490000000000
13.490000000000
14.490000000000
15.490000000000
16.490000000000
17.490000000000
18.490000000000
19.490000000000
20.490000000000
21.490000000000
22.490000000000
23.328253812140
23.308253812140
23.328253812140
22.328253812140
21.328253812140
20.328253812140
19.328253812140
18.328253812140
17.328253812140
16.328253812140
15.328253812140
14.328253812140
13.328253812140
12.328253812140
11.328253812140
10.328253812140
9.328253812140
8.328253812140
7.328253812140
6.328253812140
5.328253812140
4.328253812140
3.328253812140
2.328253812140
1.328253812140
0.490000000000
0.510000000000
0.000000000000
0.145009873611
1.000000000000
2.000000000000
3.000000000000
4.000000000000
5.000000000000
6.000000000000
5.980000000000
6.000000000000
6.020000000000
5.020000000000
4.020000000000
3.020000000000
2.020000000000
1.020000000000
0.510000000000
0.000000000000
0.000000000000
0.510000000000
1.000000000000
2.000000000000
3.000000000000
4.000000000000
5.000000000000
6.000000000000
7.000000000000
8.000000000000
9.000000000000
10.000000000000
11.000000000000
12.000000000000
13.000000000000
14.000000000000
15.000000000000
16.000000000000
17.000000000000
18.000000000000
19.000000000000
20.000000000000
21.000000000000
22.000000000000
23.000000000000
24.000000000000
25.000000000000
26.000000000000
27.000000000000
28.000000000000
29.000000000000
30.000000000000
31.000000000000
32.000000000000
33.000000000000
34.000000000000
35.000000000000
36.000000000000
37.000000000000
38.000000000000
39.000000000000
40.000000000000
41.000000000000
42.000000000000
43.000000000000
44.000000000000
45.000000000000
46.000000000000
47.000000000000
48.000000000000
49.000000000000
50.000000000000
50.000000000000
50.000000000000
50.000000000000
50.000000000000
50.000000000000
50.000000000000
50.000000000000
50.000000000000
50.000000000000
50.000000000000
50.000000000000
50.000000000000
50.000000000000
50.000000000000
50.000000000000
50.000000000000
50.000000000000
50.000000000000
50.000000000000
50.000000000000
50.000000000000
50.000000000000
50.000000000000
50.000000000000
50.000000000000
50.000000000000
50.000000000000
50.000000000000
50.000000000000
50.000000000000
50.000000000000
50.000000000000
50.000000000000
50.000000000000
50.000000000000
50.000000000000
50.000000000000
50.000000000000
50.000000000000
50.000000000000
50.000000000000
50.000000000000
50.000000000000
50.000000000000
50.000000000000
50.000000000000
50.000000000000
50.000000000000
50.000000000000
50.000000000000
50.000000000000
50.000000000000
50.000000000000
50.000000000000
50.000000000000
50.000000000000
50.000000000000
50.000000000000
50.000000000000
50.000000000000
50.000000000000
50.000000000000
50.000000000000
50.000000000000
50.000000000000
50.000000000000
50.000000000000
50.000000000000
50.000000000000
50.000000000000
50.000000000000
50.000000000000
50.000000000000
50.000000000000
50.000000000000
50.000000000000
50.000000000000
50.000000000000
50.000000000000
50.000000000000
50.000000000000
50.000000000000
50.000000000000
50.000000000000
50.000000000000
50.000000000000
50.000000000000
50.000000000000
50.000000000000
50.000000000000
50.000000000000
50.000000000000
50.000000000000
50.000000000000
50.000000000000
50.000000000000
50.000000000000
50.000000000000
50.000000000000
50.000000000000
50.000000000000
50.000000000000
50.000000000000
50.000000000000
50.000000000000
50.000000000000
50.000000000000
50.000000000000
50.000000000000
50.000000000000
50.000000000000
50.000000000000
50.000000000000
50.000000000000
50.000000000000
50.000000000000
50.000000000000
50.000000000000
50.000000000000
50.000000000000
50.000000000000
50.000000000000
50.000000000000
50.000000000000
50.000000000000
50.000000000000
50.000000000000
50.000000000000
50.000000000000
50.000000000000
50.000000000000
50.000000000000
50.000000000000
50.000000000000
50.000000000000
50.000000000000
50.000000000000
50.000000000000
50.000000000000
50.000000000000
50.000000000000
50.000000000000
50.000000000000
50.000000000000
50.000000000000
50.000000000000
50.000000000000
50.000000000000
50.000000000000
50.000000000000
50.000000000000
50.000000000000
50.000000000000
50.000000000000
50.000000000000
50.000000000000
50.000000000000
50.000000000000
50.000000000000
50.000000000000
50.000000000000
50.000000000000
50.000000000000
50.000000000000
50.000000000000
50.000000000000
50.000000000000
50.000000000000
50.000000000000
50.000000000000
50.000000000000
50.000000000000
50.000000000000
50.000000000000
50.000000000000
50.000000000000
50.000000000000
50.000000000000
50.000000000000
50.000000000000
50.000000000000
50.000000000000
50.000000000000
50.000000000000
50.000000000000
50.000000000000
50.000000000000
50.000000000000
50.000000000000
50.000000000000
50.000000000000
50.000000000000
50.000000000000
50.000000000000
50.000000000000
50.000000000000
50.000000000000
50.000000000000
50.000000000000
50.000000000000
50.000000000000
50.000000000000
50.000000000000
50.000000000000
50.000000000000
50.000000000000
50.000000000000
50.000000000000
50.000000000000
50.000000000000
50.000000000000
50.000000000000
50.000000000000
50.000000000000
50.000000000000
50.000000000000
50.000000000000
50.000000000000
50.000000000000
50.000000000000
50.000000000000
50.000000000000
50.000000000000
50.000000000000
50.000000000000
50.000000000000
50.000000000000
