0.000000000000
4.595486194660
13.744178260734
27.396575766596
45.500661618528
68.005770003588
94.861901101879
126.019055812793
161.427232642472
201.036432526547
244.799460593784
292.882438866872
345.518362911963
42.831386971115
104.887499500380
171.744796997914
243.456372464673
320.073775539595
41.647659459874
128.228299741458
219.865744811138
316.609806600475
58.510556516398
165.618123434615
277.982483495607
35.653661031328
158.681627966656
287.116419843659
61.007913277392
200.406192127416
345.361287623418
135.923058370512
292.140854335968
94.064104091442
261.739889512016
75.193464218000
254.492593737555
79.660548934755
270.574349670080
106.941738925426
308.566369845740
154.219032363389
3.837631730948
217.372108323004
74.772506354283
295.988826148433
160.971065842571
29.669224395433
262.033301810989
138.013245479531
17.559106558725
260.620885044234
147.148525098067
37.092024551600
290.401439223741
187.026769063937
86.918014064509
350.025174215280
256.298187195891
165.687114222721
78.141890819503
353.612580359565
272.049182842907
193.401630595990
117.619990218169
44.654031342577
334.453980791976
266.969838566366
202.151531621290
139.949131927022
80.312639483564
23.191978023906
328.537222740874
276.298295219096
226.425272799758
178.868074919125
133.576781066749
90.501390827065
49.591903905034
10.798320996822
334.070556167776
299.358607269532
266.612560073289
235.782414740506
206.818171271183
179.669829665319
154.287389922917
130.620852043975
108.620121500375
88.235291746051
69.416362781004
52.113236854567
36.276010643226
21.854584247944
8.799056493570
357.059426236546
346.585687317328
337.327843059426
329.235897314328
322.259743737903
316.349487600101
311.455128900920
307.526667640361
304.514103818426
302.367325720060
301.036443986133
300.471458616645
300.622254673998
301.438946021606
302.871532659471
304.869896427443
307.384154411485
310.364306611601
313.760400477791
317.522372396206
321.600259636338
325.944091095029
330.503832784603
335.229469702292
340.070874020301
344.978198501008
349.901417352388
354.790530574439
359.595406042635
4.266174807322
8.752836868497
13.005261025270
16.973577437256
20.607786104454
23.857887026866
26.866868549858
34.933162706397
49.107185360848
69.440879361003
95.984219260860
128.787355884058
167.900145269597
213.372587405426
265.254830505257
323.596876679967
28.448728067766
99.860235354614
177.881398491954
262.562217426319
353.952692153777
92.102822441725
197.062608237275
308.882207437637
67.611463204357
193.300375529713
325.998943618657
105.757166886059
252.625039686688
46.652560480377
207.889725938025
16.386539806228
192.193008531654
15.359301670802
205.935252118378
43.971030661797
249.516467572400
102.621562842468
323.336316658635
191.710729128214
67.794976439625
311.639060822511
203.292806108253
102.806391695372
10.229819793096
285.612911005877
209.005847909693
140.458625107742
80.021239617348
27.739041830516
337.380271620895
286.495037913010
235.033317155362
182.945109347955
130.180414490791
76.689232583868
22.421563627181
327.327407620740
271.356569063196
214.459045806197
156.585033351074
97.684531697822
37.707341048371
336.603660126610
274.323488932537
210.816827466160
146.033471632676
79.923624452694
12.437285926225
303.524456053265
233.135134833810
161.219322267856
87.726807815519
12.607589328419
295.811877346464
217.289458107193
136.990544298884
54.865135921535
330.863232975142
244.934835459715
157.029943375236
67.098556721716
335.090454217427
240.955633713990
144.644316493154
46.106502554902
305.292231148117
202.151481587898
96.634072186776
348.690165571496
238.269872745083
125.322891516635
10.315328330800
252.683667567305
132.377680188821
9.347348163507
244.160979017147
117.069421367493
347.661487570582
215.573769802152
81.278268892103
305.714973510279
168.019987503196
28.115377810239
246.208578858840
102.730672883163
317.974032710925
171.125684164183
22.331737782222
232.036335593591
80.290377088591
286.871789175396
131.432908582988
334.350080778708
176.080138336686
16.037593855214
213.984373039339
50.201044433683
245.532485773589
78.679379379291
269.576594305211
99.748528361684
287.576405388233
114.268546217876
298.454340343952
121.580410121538
302.622085924852
122.236349052251
298.928427697104
115.028159236652
288.480329300511
100.221205096187
269.685839393502
78.302025865993
243.573722022091
48.317839910843
209.679134794705
10.059531201047
167.800692496522
323.868241392098
118.328553250379
270.768891847864
61.177328397023
211.007164989006
359.476347441919
145.978145687327
291.982233618094
76.059018335926
218.497060097195
358.804171713582
137.605906769716
273.367925829034
47.256195824311
179.249944952449
308.218293471492
76.131512322552
201.276943335909
324.615657516972
86.875894661963
207.041458484484
325.198481364530
83.706242440777
199.363391237669
312.958000203192
66.526609709789
177.940200592196
286.250666322326
34.246300010827
140.700866574830
243.655351205005
346.644949098935
88.413502857778
187.915247330583
285.823251595829
23.732672936715
118.995585793288
211.404982864788
301.583959955244
28.630148134805
111.598192870724
189.469491189893
262.547268004669
330.264878233192
31.937599352135
87.284209517778
136.254348468697
178.798015474981
214.865210439414
244.405598216964
267.369512878586
283.706628382224
293.367269731501
296.301436926494
292.458789450985
281.789666746880
264.244068814149
239.771995652789
208.323102449992
169.847732944386
124.295540174815
71.616870028227
11.761722504644
304.680097604090
230.321644068636
148.636712082003
59.575297984749
323.087397043621
219.122293195444
107.630708670994
348.561604243817
221.865657242392
87.493225369708
305.394308625761
155.518907010548
357.817020524065
192.238649166335
18.733792937328
197.252085540607
7.743892198428
170.159212910813
324.447678158753
110.559656387050
248.444775928347
18.053407375821
139.335550729495
252.241259781404
356.720480893622
92.723321966245
180.199832753367
259.100021220186
329.374087008643
30.972023150167
83.845781196506
128.584437734426
165.715258908807
195.398865520671
218.929409716669
236.612350825125
248.703683339524
257.546044248178
263.006166614496
266.174417817173
267.090726673131
267.427968621783
267.555896594804
267.694346315227
267.834101624914
268.310598390448
268.698627297745
269.231612777309
270.356284645935
271.428046941804
272.308169520624
273.579881124452
274.106895674082
274.641988973280
275.150896733968
275.843155454324
276.422286801868
276.609942336514
276.703437366039
276.967707200870
277.109243446140
277.252157228013
277.339696091310
277.480024229648
277.565034462174
277.607540206755
277.703294339221
277.753685306429
277.804325523224
277.847029435266
277.911531515066
278.084933923073
278.780092664903
280.042430336724
282.017162043171
283.304082073395
284.350251654794
285.703382345690
286.898596967885
287.637364541754
288.270404755881
289.311956689253
289.877156306900
290.435418830242
292.191679630001
293.899114620186
296.520908146097
299.845558517594
303.331481254240
308.099604263625
314.441304152475
322.184156318938
330.319305157338
340.587503783502
352.141413139634
6.446535071862
21.915276799341
39.695654897296
59.738434888570
81.838804863113
105.582070588798
130.250837079616
157.219452977904
185.886518304923
215.936745388102
247.620462320673
280.917543837012
316.225551260292
352.546123321804
29.784241179773
68.558457495474
108.072768438920
148.616397164867
190.595091409863
234.427170104213
280.245869570150
327.110771706375
15.528332541106
65.880093866852
117.481112705365
172.010102467397
227.835785354523
285.771184190502
344.931894577333
45.096638602975
106.891757239839
170.159710796326
234.898915039443
300.492272317492
6.480702523954
73.827002911682
142.249058679588
212.738415020924
284.677800388477
358.126945068585
73.964735883200
151.853624548759
231.865360035331
313.991035495133
37.227728512308
122.496559092719
209.469471279645
298.176088941211
28.049310970373
119.832888656779
213.893051874910
310.028765392134
47.197336088544
146.946653253852
248.822623196182
352.253077021698
98.163017474759
206.950269326410
317.143182558530
69.945397351374
184.797614878663
301.133764343278
60.073278381084
180.214489759415
302.500004720421
66.388717027210
193.025056420264
321.637412465075
92.857676711160
227.178007421453
2.822675521768
141.661658729942
282.094214048070
65.123873308956
210.024491224147
357.469206675386
146.182034373678
297.619709736267
90.861365635024
246.964023603394
44.891518626958
204.943276397887
7.617043250400
172.835155477846
339.955466035098
150.051573448843
322.326606256347
136.929429074130
313.805994149999
133.742719650604
315.787934941920
140.529702231140
327.921721136586
158.358743649386
351.016691786302
186.419055595098
23.871472063044
224.689176372378
66.849570445664
272.050268380127
118.520744526970
328.062213401138
179.179309155368
33.131943832242
249.009595702791
107.073422082581
327.567982010064
190.194362136570
55.255929322534
283.160387172674
152.608708237061
24.536540150548
259.352229799114
135.705956688705
15.080273911322
256.681895004903
140.590688448001
27.056155585103
276.371107271079
168.234633864413
62.677798088721
320.268629102246
218.980140327256
121.194520093350
24.131620770242
288.843050312740
195.482134574649
102.856098158724
11.585286191885
282.720187055973
195.400835116655
109.929490951380
25.933809698388
304.318747836166
223.903493573943
144.325637946656
66.869768506977
350.392117044107
274.966138889175
200.904106582870
128.409323344439
56.510246184012
346.056861543147
276.682380342714
207.867943438305
138.738211082130
70.584087322535
3.255572414981
294.581425073547
225.750208639959
157.574118729150
88.286233590527
18.316319068720
307.630705529672
234.459998679174
158.583374980531
79.800560261630
355.519337519825
266.702148062993
170.250118807645
64.055123840026
308.348212656843
181.548793924951
40.549421029895
245.300049208638
75.750678453491
251.851308772136
53.551940164570
200.802572630789
333.553206170424
91.753840782432
195.354476469386
284.305113230137
358.555112999887
58.055112769253
102.755112654334
132.605112654240
147.555112654220
147.555112654220
