5.000000000000
6.000000000000
7.000000000000
8.000000000000
9.000000000000
10.000000000000
11.000000000000
12.000000000000
13.000000000000
14.000000000000
15.000000000000
16.000000000000
17.000000000000
18.000000000000
19.000000000000
20.000000000000
21.000000000000
22.000000000000
23.000000000000
24.000000000000
25.000000000000
26.000000000000
27.000000000000
28.000000000000
29.000000000000
30.000000000000
31.000000000000
32.000000000000
33.000000000000
34.000000000000
35.000000000000
34.717239661289
33.717239661289
32.717239661289
31.717239661289
30.717239661289
29.717239661289
28.717239661289
27.717239661289
26.717239661289
25.717239661289
24.717239661289
23.717239661289
22.717239661289
21.717239661289
20.717239661289
19.717239661289
18.717239661289
17.717239661289
16.717239661289
15.717239661289
14.717239661289
13.717239661289
12.717239661289
11.717239661289
10.717239661289
9.717239661289
10.375327803732
11.375327803732
12.375327803732
13.375327803732
14.375327803732
15.375327803732
16.375327803732
17.375327803732
16.375327803732
15.375327803732
14.375327803732
13.375327803732
12.375327803732
11.375327803732
10.375327803732
9.375327803732
8.375327803732
9.196007567374
10.196007567374
11.196007567374
12.196007567374
13.196007567374
14.196007567374
15.196007567374
16.196007567374
17.196007567374
16.196007567374
15.196007567374
14.196007567374
13.196007567374
12.196007567374
11.196007567374
10.196007567374
9.196007567374
8.196007567374
7.847542405897
8.847542405897
9.847542405897
10.847542405897
11.847542405897
12.847542405897
13.847542405897
14.847542405897
15.847542405897
14.847542405897
13.847542405897
12.847542405897
11.847542405897
10.847542405897
9.847542405897
8.847542405897
7.847542405897
8.847542405897
9.847542405897
10.847542405897
11.847542405897
12.847542405897
13.847542405897
14.847542405897
13.847542405897
12.847542405897
11.847542405897
10.847542405897
9.847542405897
8.847542405897
7.847542405897
6.847542405897
6.134804403797
7.134804403797
8.134804403797
9.134804403797
10.134804403797
11.134804403797
12.134804403797
13.134804403797
14.134804403797
15.134804403797
15.334187320039
14.334187320039
13.334187320039
12.334187320039
11.334187320039
10.334187320039
9.334187320039
8.334187320039
7.334187320039
6.334187320039
5.334187320039
4.334187320039
4.155573960174
5.087870769450
6.087870769450
7.087870769450
8.087870769450
9.087870769450
10.087870769450
11.087870769450
12.087870769450
13.087870769450
14.087870769450
14.925904839187
14.976667781935
14.231605784897
13.231605784897
12.231605784897
11.231605784897
10.231605784897
9.231605784897
8.231605784897
7.231605784897
6.231605784897
5.231605784897
4.231605784897
3.231605784897
2.792238999790
2.977192537468
3.718102354260
4.718102354260
5.718102354260
6.718102354260
7.718102354260
8.718102354260
9.718102354260
10.718102354260
11.718102354260
12.718102354260
13.647275522684
14.170435850090
14.203351918547
13.730489064074
12.809908817000
11.809908817000
10.809908817000
9.809908817000
8.809908817000
7.809908817000
6.809908817000
5.809908817000
4.809908817000
3.809908817000
2.809908817000
1.809908817000
0.974717170391
0.476554388859
0.344251452662
0.579589268360
1.146677742779
2.000000000000
3.000000000000
4.000000000000
5.000000000000
6.000000000000
7.000000000000
8.000000000000
9.000000000000
10.000000000000
11.000000000000
12.000000000000
13.000000000000
14.000000000000
15.000000000000
16.000000000000
17.000000000000
18.000000000000
19.000000000000
20.000000000000
21.000000000000
22.000000000000
23.000000000000
24.000000000000
25.000000000000
26.000000000000
27.000000000000
28.000000000000
29.000000000000
30.000000000000
31.000000000000
32.000000000000
33.000000000000
34.000000000000
35.000000000000
36.000000000000
37.000000000000
38.000000000000
39.000000000000
40.000000000000
41.000000000000
42.000000000000
43.000000000000
44.000000000000
45.000000000000
46.000000000000
47.000000000000
48.000000000000
49.000000000000
50.000000000000
51.000000000000
52.000000000000
53.000000000000
54.000000000000
55.000000000000
56.000000000000
57.000000000000
58.000000000000
59.000000000000
60.000000000000
61.000000000000
62.000000000000
63.000000000000
64.000000000000
65.000000000000
66.000000000000
67.000000000000
68.000000000000
69.000000000000
70.000000000000
71.000000000000
72.000000000000
73.000000000000
74.000000000000
75.000000000000
76.000000000000
77.000000000000
78.000000000000
79.000000000000
80.000000000000
81.000000000000
82.000000000000
83.000000000000
84.000000000000
85.000000000000
86.000000000000
87.000000000000
88.000000000000
89.000000000000
90.000000000000
90.000000000000
90.000000000000
90.000000000000
90.000000000000
90.000000000000
90.000000000000
90.000000000000
89.734740295170
88.734740295170
87.734740295170
86.734740295170
85.734740295170
84.734740295170
83.734740295170
82.734740295170
81.734740295170
80.734740295170
79.734740295170
78.734740295170
77.734740295170
76.734740295170
75.734740295170
74.734740295170
73.734740295170
72.734740295170
71.734740295170
70.734740295170
69.734740295170
68.734740295170
67.734740295170
66.734740295170
65.734740295170
64.734740295170
63.734740295170
62.734740295170
61.734740295170
60.734740295170
59.734740295170
58.734740295170
57.734740295170
56.734740295170
55.734740295170
54.734740295170
53.734740295170
52.734740295170
51.734740295170
50.734740295170
49.734740295170
48.734740295170
47.734740295170
46.734740295170
45.734740295170
44.734740295170
43.734740295170
42.734740295170
41.734740295170
40.734740295170
39.734740295170
38.734740295170
37.734740295170
36.734740295170
35.734740295170
34.734740295170
33.734740295170
32.734740295170
31.734740295170
30.734740295170
29.734740295170
28.734740295170
27.734740295170
26.734740295170
25.734740295170
24.734740295170
23.734740295170
22.734740295170
21.734740295170
20.734740295170
19.734740295170
18.734740295170
17.734740295170
16.734740295170
15.734740295170
14.734740295170
13.734740295170
12.734740295170
11.734740295170
10.734740295170
9.734740295170
8.734740295170
7.734740295170
6.734740295170
5.734740295170
4.734740295170
3.734740295170
2.734740295170
1.734740295170
0.734740295170
0.000000000000
0.000000000000
0.000000000000
0.000000000000
0.000000000000
0.140321863960
0.435891268875
0.856948135352
1.366171506074
1.933245384065
2.547444003712
3.213704148590
3.941103069466
4.733583160870
5.586974021931
6.487000743453
7.409464819293
8.334260590108
9.251720851739
10.167924006943
11.101138471946
12.057992707023
13.005895718593
13.846470893254
14.405356060056
14.482593573680
13.935173490974
12.935173490974
11.935173490974
10.935173490974
9.935173490974
8.935173490974
7.935173490974
6.935173490974
5.935173490974
4.935173490974
3.935173490974
2.935173490974
2.173747796186
2.354043273925
3.354043273925
4.354043273925
5.354043273925
6.354043273925
7.354043273925
8.354043273925
9.354043273925
10.354043273925
11.354043273925
12.354043273925
13.354043273925
14.008274182587
14.013256654307
13.359413897197
12.359413897197
11.359413897197
10.359413897197
9.359413897197
8.359413897197
7.359413897197
6.359413897197
5.359413897197
4.359413897197
3.553847613503
3.289572795550
3.562806549976
4.306374704514
5.306374704514
6.306374704514
7.306374704514
8.306374704514
9.306374704514
10.306374704514
11.306374704514
12.306374704514
13.163569527465
13.600188974665
13.549096367403
13.011254639926
12.045279574728
11.045279574728
10.045279574728
9.045279574728
8.045279574728
7.045279574728
6.045279574728
5.045279574728
4.045279574728
3.045279574728
2.045279574728
1.228680219554
0.736118588645
0.594762015047
0.806307847841
1.342385015194
2.163248600209
3.163248600209
4.163248600209
5.163248600209
6.163248600209
7.163248600209
8.163248600209
9.163248600209
10.163248600209
11.163248600209
12.163248600209
13.163248600209
14.163248600209
15.163248600209
16.163248600209
17.163248600209
18.163248600209
19.163248600209
20.163248600209
21.163248600209
22.163248600209
23.163248600209
24.163248600209
25.163248600209
26.163248600209
27.163248600209
28.163248600209
29.163248600209
30.163248600209
31.163248600209
32.163248600209
33.163248600209
34.163248600209
35.163248600209
36.163248600209
37.163248600209
38.163248600209
39.163248600209
40.163248600209
41.163248600209
42.163248600209
43.163248600209
44.163248600209
45.163248600209
46.163248600209
47.163248600209
48.163248600209
49.163248600209
50.163248600209
51.163248600209
52.163248600209
53.163248600209
54.163248600209
55.163248600209
56.163248600209
57.163248600209
58.163248600209
59.163248600209
60.163248600209
61.163248600209
62.163248600209
63.163248600209
64.163248600209
65.163248600209
66.163248600209
67.163248600209
68.163248600209
69.163248600209
70.163248600209
71.163248600209
72.163248600209
73.163248600209
74.163248600209
75.163248600209
76.163248600209
77.163248600209
78.163248600209
79.163248600209
80.163248600209
81.163248600209
82.163248600209
83.163248600209
84.163248600209
85.163248600209
86.163248600209
87.163248600209
88.163248600209
89.163248600209
90.000000000000
90.000000000000
90.000000000000
90.000000000000
90.000000000000
90.000000000000
90.000000000000
90.000000000000
90.000000000000
90.000000000000
90.000000000000
90.000000000000
90.000000000000
90.000000000000
90.000000000000
90.000000000000
90.000000000000
90.000000000000
90.000000000000
90.000000000000
90.000000000000
90.000000000000
90.000000000000
90.000000000000
90.000000000000
90.000000000000
90.000000000000
