0.000000000000
3.472242150046
10.466641019256
21.032545388787
35.020418159739
52.380259123428
73.062068279854
97.365845662407
125.341591282045
157.039305104138
192.508987128686
231.800637355689
274.964255785147
322.049842417059
13.107397251428
68.186920288252
127.338411527533
190.611870969269
258.057298613461
329.724694460107
45.664058509209
125.925390760774
210.558691295165
299.613960035664
33.141196982272
131.190402134988
233.811575493813
341.054717058747
92.969826830218
208.156904807813
326.565950991532
88.146965381375
212.849947977342
340.624898779433
111.421817787648
245.190705001986
21.881560422449
161.444384049036
303.829175853140
88.985935862616
236.864664077463
27.415360497681
180.588025123270
336.332657954230
134.599258980857
295.337828212544
98.498365649379
264.030871291363
71.885345138495
242.011787190776
54.360197448205
228.880575910784
45.522922578510
224.237237451385
44.973520529409
227.681771812581
52.311991300890
238.814178994347
67.138334892953
257.234458996707
89.052551305609
282.542611819659
117.654640538858
314.338637463205
152.544602592701
352.222535927345
193.322437467137
35.794307212078
239.588145162168
84.653951317405
290.941725677790
138.401468243324
346.983179014007
196.636857989838
47.312505170816
258.960120556945
111.529704148221
324.971255944645
179.234775946218
34.270264152939
250.027720564808
106.457145181815
323.508538003972
181.131899031277
39.277228263729
257.894525701224
116.933791343864
336.345025191653
196.078227242166
56.083397497796
276.310535958547
136.709642587112
357.230717420385
217.823760458208
78.438771700740
299.025751147978
159.534698799924
19.915614656578
240.118498717940
100.093350984009
321.057654986984
183.658915827755
47.813118648809
273.647209855521
141.575515293848
11.849597347659
244.791926655924
120.523156159984
359.143336651959
240.561240027068
124.605297931968
11.168283952685
260.229665514031
151.936818190133
46.585133887269
304.409510993444
205.661357118439
110.496975330083
18.917072335359
290.949434327249
206.657136571002
126.273208836839
50.117651385993
338.549041890156
271.853352290154
210.078743895747
153.279057678171
101.705112373753
55.759488523715
15.492406607064
340.953874423659
312.193891992636
289.262459313924
272.209576387647
261.085243213802
255.939459792392
256.822226123415
263.783542206871
276.873408042764
296.141823631089
321.638788971848
353.414304065041
31.518368910668
76.000983508729
126.912147859225
184.301861962155
248.220125817518
318.716939425312
35.842302785542
119.646215898208
210.129935691455
306.267213575780
48.847318237713
157.136145473017
271.475229335236
31.532299960097
157.406143875898
288.774911239452
65.727693245727
207.943775858787
355.569099056659
148.515060338765
306.814913423955
110.343191433566
278.952545804638
92.812732028992
271.755199480171
95.803069096409
284.731261072963
118.405058616178
316.668552705635
159.503674667011
6.663418236083
218.006341042498
73.231567894277
292.029728002570
154.228722634117
19.611440750644
248.072573978803
119.293475307706
353.011774775634
229.049118334695
107.012442296066
346.701823588436
227.813212122608
109.933609740910
352.911072971828
236.386071574704
120.011902868111
3.746245003193
247.349033963014
130.564592751510
13.482372613685
255.753133217635
137.594419923980
18.755138687593
259.232533777550
138.874345624881
17.457148164760
254.846281434408
130.354854014691
3.821276073371
235.190319474291
104.411933119730
331.440527540752
197.088384466714
70.441872516003
310.648511517206
189.298754402015
65.630269282631
299.580177685521
171.088027471457
40.099231995715
266.563791258291
130.431705259194
351.652973998421
210.177597475968
65.955575691833
278.936908773381
129.071596769906
336.315933964558
180.701814147995
22.206421492599
221.189497629461
59.202909349657
256.232117986266
92.724368674438
288.615292484851
123.646382236329
317.954184308773
152.046413317550
345.528150979573
178.661891321840
11.624403531662
203.939999396458
35.928751143128
227.347796700784
58.197722129354
248.316253828653
77.604293932731
266.011216523717
93.420584023828
279.619610923027
104.397085274036
287.456805583803
108.560907622693
287.334478296435
103.536664023852
276.990683465466
87.589673773841
255.350808284401
60.425187884392
222.828226200347
22.578146157431
179.535059564534
333.496121368570
124.185435200741
271.331044910911
54.821815639457
194.535229805080
330.437351547935
102.388910438387
230.200137387620
353.641895179778
112.365255081376
226.278468259205
335.330052289519
79.469994946685
178.648290096899
272.814937313727
1.919936387018
85.913287316142
164.744990094518
238.365044721360
306.723451196651
9.770209520389
67.455319692582
119.728781713228
166.540595582322
207.840761299862
243.579278865856
273.706148280302
298.171369543195
316.924942654532
329.916867614323
337.097144422564
338.415773079252
333.822753584396
323.268085937993
306.701770140039
284.073806190530
255.334194089477
220.432933836862
179.320025432709
131.945468877000
78.259264169746
18.211411310942
311.751910300585
238.830761138672
159.397963825252
73.403518360280
340.855857405094
242.035213166480
136.718957199409
25.090726143171
267.195351021971
143.261000767024
13.311621785099
237.497107062252
95.869996559556
308.450165359846
155.484375684000
356.938373034273
193.135397511656
24.078929226778
209.824727790933
30.600577777790
206.518489053171
17.866270279360
184.813031734122
347.476741506308
146.176006387941
301.034419651056
92.262057042547
240.081633078970
24.822589589003
166.703305842192
306.006678218382
82.940541161201
217.834370542156
350.788045952869
122.134262702849
252.053373137556
20.693004129223
148.253973699193
275.051587605237
41.157714268848
166.890386625029
292.413553347362
58.064461008040
183.972334856182
310.407563955261
77.631049620663
205.768173681490
335.160758887425
105.905339733529
237.939342915712
11.838869767246
147.136149669588
284.550473522065
62.947088756538
200.770181437342
334.685757710804
107.052291016136
242.562087183983
26.462601504232
179.031270053781
340.614503926844
150.097734239379
315.496690872562
113.402480229902
265.271630133078
54.492850799170
201.577756381602
346.915361799175
131.138035277711
275.204517780605
59.718207010494
205.441022233513
351.486039035797
138.249779463629
285.329102129307
73.302957509935
221.918676854907
10.814284029361
159.569764779142
309.059709309936
98.991356437411
249.693471986053
40.765385920722
192.219512352366
344.351867439379
137.138940364443
290.657118415980
85.065907492658
240.434237095452
36.983572940758
194.842580367345
354.326538036887
155.696452714049
319.264435109239
125.309254083923
294.039741355955
105.562087885238
279.847038938339
96.809618131702
276.388695782153
98.560327074201
283.471508575785
111.323425214085
302.360673873739
136.818752607170
334.881560591334
176.648416419349
22.128306855609
231.356664396187
84.502875512657
301.912996601071
163.954275204473
30.790330304421
262.465453318810
139.059726737631
20.843701445742
268.181066257527
161.320547192856
60.372602934163
325.424748014623
236.649347550721
154.315836723950
78.670226642103
9.763319527269
307.627753773725
252.308062663972
203.927032237903
162.619319377299
128.329145617341
100.883145144023
80.063466692463
65.916551855940
58.428624928771
58.155442188145
64.115252214184
76.759008622238
96.486833774530
121.817193823536
152.927921084849
189.427446142272
231.417120398989
278.805330859736
331.710502947268
30.086018113607
93.873601476209
163.056916290054
237.623166444560
317.499669611059
42.603001030658
132.920468075204
228.433880820485
329.024278009121
74.589268133080
185.024486398222
300.288214638665
60.296917205280
184.901069898441
313.915016914759
87.143124345563
224.423650475051
5.563863964604
150.388281686338
298.642864306944
90.134400948878
244.559284441782
41.686467435657
201.267232956914
3.006758591918
166.644439449249
331.891345897848
138.498462922501
306.239803575826
114.870443731397
284.138923236261
93.875255410215
263.821641784626
73.802660554459
243.627738443620
53.132999342318
222.130751019221
30.313931349533
197.271531140060
2.571505896276
165.808023586803
326.462106083868
124.262234291092
278.819966725433
70.066787967909
217.777769907728
2.131869368830
142.913441247988
280.410120791604
54.750762251213
182.612857431371
307.311178252205
77.645333132462
203.936490383009
334.970304273604
106.983481350191
232.355289961799
346.513414861545
111.631205960369
249.452633304216
30.607633600224
161.165538088881
287.457408105561
67.284716939449
220.651049919436
3.981016888996
135.657678823118
263.585729869913
38.018427734221
174.852686914089
310.450341005379
84.256503261896
218.325897773763
351.680361016888
124.701354437368
257.190557630957
29.329839748088
160.878959498775
291.756215021260
61.840246298928
191.201622732967
319.661281817695
87.084040404947
213.324517695051
338.215804171415
101.438983739780
222.732585730243
341.803334771316
98.361051157112
212.265199080291
323.377196734159
71.725775517066
177.410367175645
280.511642297323
21.039316132868
118.918023067195
213.902836374150
305.827543989701
34.472116151473
119.661993211930
201.449418256437
279.783782501231
354.619250184460
65.867539871453
133.283403191504
196.728777014086
256.083224721796
311.196943685606
2.088276871365
48.647808580075
90.723630655297
128.252642742297
161.024650417887
188.956312902029
212.088978152388
230.210429583310
243.248380366580
251.118062323985
253.585985160820
250.681548073325
242.313355864313
228.207844796450
208.438531011781
182.933527226169
151.460726662146
114.155510367256
70.968743489315
21.684940084728
326.512741254372
265.462377694090
198.269431597606
125.124489754260
46.150583457484
320.998556684182
229.724748391489
132.512817886349
28.901526260637
278.786379255344
162.388131725101
39.072431621291
268.528982875224
131.106221261776
346.158015327363
192.940535453010
31.808030332142
222.104112302125
42.258226233241
211.970156222534
10.473730424822
155.527345351752
287.082765699775
44.816407905988
147.949261024798
236.431325044163
310.212599964055
9.243085784911
53.472782506313
82.851690128256
97.329808650737
97.329808650737
