3.718838401280
3.732571937404
3.707571937686
3.682571937969
3.657571938239
3.632571938521
3.607571938803
3.582571939645
3.557572031544
3.582571979544
3.607571977860
3.632571977261
3.657571977148
3.682571977119
3.707571977090
3.732571977061
3.757571977032
3.782571977003
3.807571976974
3.832571976945
3.857571976916
3.882571976888
3.907571976819
3.932571976750
3.957571976711
3.982571976600
4.007571976489
4.032571976340
4.057571975950
4.082571885312
4.072724980725
4.084778841853
4.066748789555
4.041748792487
4.016748792487
3.991748792487
3.966748792487
3.941748792487
3.916748792487
3.891748792502
3.866748792516
3.841748792531
3.816748792545
3.791748792560
3.766748792574
3.741748792628
3.716748792697
3.691748792765
3.666748792834
3.641748792902
3.616748792971
3.591748793039
3.566748793108
3.541748793380
3.516748794032
3.491748794806
3.466748796739
3.441748799307
3.416748801836
3.391748804365
3.366748806894
3.341748810344
3.316748815004
3.291748850284
3.266748885602
3.241748934798
3.216748993042
3.191749055858
3.166749182062
3.141749394093
3.116749976684
3.091750798468
3.066752683209
3.041754915418
3.016760015536
2.991780662186
2.966827994899
2.943646203544
2.957270923457
2.982156329741
3.007147438823
3.032140109149
3.057138050369
3.082135112325
3.107132117259
3.132129452177
3.157126498063
3.182119385234
3.207116583271
3.232114279803
3.257112771074
3.282095672775
3.307033949936
3.332029170232
3.356942655036
3.381737466525
3.406084598349
3.429959801200
3.454164779822
3.478827697971
3.503750186115
3.528716393444
3.553608564398
3.578557722621
3.603551611448
3.628470060051
3.653460212571
3.678445337144
3.703437909326
3.728426264053
3.753331309308
3.778317579330
3.803314896453
3.828313261747
3.853312412676
3.878311939319
3.903311728296
3.928311479457
3.953310372985
3.978310043845
4.003309712102
4.028309380358
4.053309048614
4.078307866467
4.103306402011
4.128304734288
4.153300999171
4.178296771737
4.203291970529
4.228285228003
4.253261313561
4.278246766184
4.303232780301
4.328223353381
4.353093400506
4.332161961656
4.307268823982
4.282302556052
4.257311349665
4.232315289871
4.207317191347
4.182317797742
4.157318027202
4.132318117833
4.107318199980
4.082318223273
4.057318239798
4.032318252022
4.007318259562
3.982318266471
3.957318271839
3.932318276034
3.907318279374
3.882318282305
3.857318284991
3.832318287663
3.807318290688
3.782318293078
3.757318344408
3.732318396324
3.707320014773
3.682798805034
3.660929692603
3.638704308593
3.616773637764
3.595013842864
3.574106758078
3.553813085330
3.533086677589
3.512340833363
3.492156239513
3.472404278067
3.452126029086
3.432630687032
3.412375139058
3.392428869017
3.372675777479
3.353684444440
3.334532275610
3.316830806273
3.297900762979
3.280477834725
3.262764120731
3.247012728853
3.229635715759
3.209933408276
3.189079359830
3.167109727793
3.145678023023
3.127181066282
3.110955323158
3.097066285755
3.084519902206
3.076059790914
3.066592568161
3.057310328450
3.042134270877
3.022825750942
3.002166509715
2.981616621795
2.959982621298
2.937930541387
2.916708580326
2.896456042772
2.876408727454
2.857428774993
2.841707353298
2.825744773086
2.810975457177
2.796028058057
2.782775362335
2.769810524716
2.758704024046
2.747886673218
2.737534089854
2.726212250854
2.715584703392
2.705493719534
2.694821692319
2.685960728981
2.676185634643
2.665997378403
2.656686500596
2.648202062601
2.639465551930
2.630623031306
2.621898486760
2.614035562568
2.606235213979
2.599004615310
2.592897934139
2.587511685020
2.582537444524
2.578797794018
2.576215582000
2.574426095833
2.573632613426
2.573345156852
2.573364297728
2.573413137055
2.573108046142
2.572891832035
2.572718567771
2.573039184918
2.573787665232
2.575539175062
2.577739432184
2.580027968757
2.582507791065
2.585048823904
2.587837978253
2.590813364723
2.594281057167
2.598735145793
2.604170847546
2.610339340667
2.616717422888
2.623484470469
2.631420156459
2.641293511566
2.652967302978
2.665356920936
2.678284890967
2.692406240019
2.708656269589
2.726607722106
2.744946656429
2.763396838565
2.782170266496
2.801326601910
2.819571842503
2.834779849639
2.845127592297
2.849092518407
2.845951298051
2.835065863285
2.817647569409
2.793462188725
2.768561963185
2.743584553942
2.718591969273
2.693595605099
2.668597332390
2.643598403360
2.618599033664
2.593599369745
2.568599539363
2.543599572584
2.518599645057
2.493599656905
2.468599663657
2.443599669987
2.418599671528
2.393599673080
2.368599673294
2.343599673294
2.318599673294
2.293599673294
2.268599673294
2.243599673294
2.218599673294
2.193599673294
2.168599673294
2.143599673294
2.118599673294
2.093599673294
2.068599673294
2.043599673294
2.018599673294
1.993599673294
1.968599673294
1.943599673294
1.918599673294
1.893599673294
1.868599673294
1.843599673294
1.818599673294
1.793599673294
1.768599673294
1.743599673294
1.718599673294
1.693599673294
1.668599673294
1.643599673294
1.618599673294
1.593599673294
1.568599673294
1.543599673294
1.518599673294
1.493599673294
1.468599673294
1.443599673294
1.418599673294
1.393599673333
1.368599673373
1.343599673413
1.318599673452
1.293599673492
1.272400068889
1.249479347180
1.228044611492
1.208699574351
1.190641922247
1.174177133468
1.158803355534
1.143687673425
1.130064759287
1.116887317022
1.104587119701
1.093835087849
1.083518749137
1.075014382707
1.067028849686
1.060002876310
1.054389539132
1.049792794024
1.045386931056
1.042423299741
1.039726411047
1.037529272428
1.036456634933
1.034397840196
1.032949716233
1.031423171959
1.030710230654
1.028708482764
1.027317483422
1.026623342885
1.025434483634
1.024306788408
1.022696528366
1.021334014813
1.007435131995
0.991920184472
0.997973386387
0.999862299590
0.992066819683
0.984711155434
0.986844277399
1.003046844691
1.025453924267
1.050071836970
1.075048771811
1.099973700181
1.124674311147
1.147918142201
1.168341749783
1.184349949454
1.195136067066
1.196101251619
1.194963900255
1.193489150191
1.193936015598
1.195646387687
1.199822347568
1.204775045644
1.205536155740
1.204133369790
1.203113500240
1.196910192663
1.185493619878
1.170118359873
1.155353669252
1.146096789224
1.140357552525
1.138391141003
1.140220096079
1.138781516486
1.134869967777
1.130076649949
1.125065749502
1.120578064419
1.115947033200
1.112388067175
1.109155107050
1.106560970956
1.104622794085
1.101279614286
1.097705171011
1.094008114236
1.091169937035
1.088450911761
1.084880482793
1.082150556465
1.078420049769
1.075826790933
1.072590520464
1.069340221821
1.066018477509
1.062735486595
1.059646452883
1.055990581293
1.052131022867
1.048232848894
1.044099250701
1.039035610194
1.032960772795
1.025909041104
1.017628264790
1.008316566127
1.000554983549
0.996262258102
0.996869809691
1.000760192314
1.004025028956
1.006448581020
1.007097649441
1.006667315447
1.005747157645
1.004142018877
1.002571802972
1.000317391666
0.998335560617
0.996065542189
0.994095125108
0.991645918218
0.989520189766
0.987331693659
0.985112631607
0.982962291019
0.980858866934
0.978774067865
0.976744941160
0.975433306856
0.973329355676
0.971136011328
0.970102834275
0.967674501946
0.965908730732
0.964826656742
0.963230638980
0.961453806263
0.960807262636
0.958307951212
0.957640481466
0.956861030801
0.956112152227
0.954826264836
0.954185512700
0.953271424170
0.950150271847
0.943037733587
0.938327346054
0.934214923332
0.939296350496
0.950060801350
0.963136488305
0.962950260362
0.945772350318
0.927477671545
0.918396103047
0.922898482889
0.929687427043
0.926224156005
0.929633474164
0.925425072442
0.919368536775
0.912490183837
0.914099676555
0.914613618794
0.914233118895
0.911177671651
0.908859094747
0.906438712961
0.904847686953
0.902592543802
0.899838102116
0.897029021495
0.894527264017
0.891687501377
0.889158353897
0.885654609726
0.882983641946
0.879812136345
0.876361621586
0.872688743545
0.868914767280
0.864747972670
0.860298943723
0.855540802351
0.850422031906
0.844944286065
0.839105768512
0.832968792370
0.826702960563
0.820285559152
0.813868597506
0.807469509236
0.800962091615
0.794461656429
0.787746931826
0.780785571409
0.773598885453
0.766298758650
0.758896194854
0.751521995368
0.744096510367
0.736691904736
0.729201965862
0.721602853027
0.713947560406
0.706154795808
0.698382436051
0.690591870112
0.682682221928
0.674709941005
0.666447230377
0.657851309087
0.649097254757
0.639978619804
0.630559930998
0.620671290696
0.610190432169
0.599482989063
0.588324783758
0.576586470371
0.564682893699
0.552412343963
0.539784985879
0.527199713039
0.514482397402
0.501735527268
0.489346610849
0.477291213472
0.465474564293
0.454367606227
0.443965752205
0.433992625904
0.424520653605
0.415703097919
0.407067761130
0.398263043328
0.389634763734
0.380999732374
0.371752221888
0.362244398003
0.352858957962
0.343009448445
0.332298008279
0.321706619689
0.310856796869
0.298871186545
0.286327911998
0.273712054022
0.260090719135
0.245233346519
0.230449950869
0.214978972450
0.198115187769
0.180138217482
0.161152415072
0.139131576105
0.116730953112
0.093111723206
0.072850431612
0.050001237394
0.025001240317
0.000001261574
0.000000000000
