5.000000000000
6.000000000002
7.000000000002
8.000000000003
9.000000000003
10.000000000003
11.000000000003
12.000000000003
13.000000000003
14.000000000003
15.000000000003
16.000000000003
17.000000000003
18.000000000004
19.000000000005
20.000000000005
21.000000000005
22.000000000005
23.000000000006
24.000000000006
25.000000000006
26.000000000006
25.599565091376
24.599565091376
23.599565091376
22.599565091376
21.599565091376
20.599565091376
19.599565091376
18.599565091376
17.599565091376
16.599565091376
15.599565091376
14.599565091376
13.599565091376
12.599565091376
11.599565091376
10.599565091376
9.599565091376
8.599565091376
7.599565091376
6.599565091376
5.599565091376
4.599565091376
3.599565091376
2.599565091376
1.599565091376
0.599565091378
0.086934623219
0.002415499367
0.000001052371
0.000075760508
0.002526079880
0.014394634374
0.028579013295
0.034412750250
0.029807717746
0.020009056518
0.020419520917
0.019578752916
0.019752820279
0.022181325616
0.022618280611
0.027272296002
0.048110862018
0.056828529232
0.043479463178
0.055953210458
0.053496236155
0.052250363552
0.069577373750
0.053338863606
0.054482252814
0.064381451602
0.076679399344
0.075969396858
0.079680770402
0.094794825498
0.119480527417
0.149548527909
0.181277014404
0.232177158350
0.303074196155
0.394639062896
0.524453521042
0.689517019752
0.903815966754
1.175870268122
1.528138189374
1.959272395865
2.489824806318
3.182261115963
4.156372964040
5.156371162684
6.156371162527
7.156371162527
8.156371162527
9.156371162527
10.156371162527
11.156371162527
12.156371162527
13.156371162527
14.156371162527
15.156371162527
16.156371162527
17.156371162527
18.156371162527
19.156371162527
20.156371162527
21.156371162527
22.156371162527
23.156371162527
24.156371162527
25.156371162527
26.156371162527
27.156371162527
28.156371162527
29.156371162527
30.156371162527
31.156371162527
32.156371162527
33.156371162527
34.156371162527
35.156371162527
36.156371162527
37.156371162527
38.156371162527
39.156371162527
40.156371162527
41.156371162527
42.156371162527
43.156371162527
44.156371162527
45.156371162527
46.156371162527
47.156371162527
48.156371162527
49.156371162527
50.156371162527
51.156371162527
52.156371162527
53.156371162527
54.156371162527
55.156371162527
56.156371162527
57.156371162527
58.156371162527
59.155283453977
58.155478638659
57.155479357950
56.155479358104
55.155479358104
54.155479358104
53.155479358104
52.155479358104
51.155479358104
50.155479358104
49.155479358104
48.155479358104
47.155479358104
46.155479358104
45.155479358104
44.155479358104
43.155479358104
42.155479358104
41.155479358104
40.155479358104
39.155479358104
38.155479358104
37.155479358104
36.155479358104
35.155479358104
34.155479358104
33.155479358104
32.155479358104
31.155479358104
30.155479358104
29.155479358102
28.155479358102
27.155479358102
26.155479358102
25.155479358102
24.155479358102
23.155479358102
22.155479358102
21.155479358102
20.155479358102
19.155479358102
18.155479358102
17.155479358102
16.155479358102
15.155479358102
14.155479358102
13.155479358102
12.155479358102
11.155479358102
10.155479358102
9.155479358102
8.155479358102
7.155479358102
6.155479358102
5.155479358018
4.155479358018
3.155479358018
2.155479358018
1.155479358018
0.408220761511
0.131939293229
0.021740522872
0.002172528411
0.003467345318
0.000610035554
0.005530686381
0.006068510682
0.020368510214
0.046043769418
0.063342083646
0.072366174404
0.092511832794
0.119052221288
0.152672190203
0.203720711749
0.270234908586
0.345599318639
0.453103949637
0.595276033338
0.775348068245
0.999243812756
1.283316243695
1.634951779809
2.065543246228
2.616853281780
3.293711970253
4.262586370980
5.262418781988
6.262417250562
7.262417225443
8.262417218493
9.262417218473
10.262417218473
11.262417218473
12.262417218473
13.262417218473
14.262417218473
15.262417218473
16.262417218473
17.262417218473
18.262417218473
19.262417218473
20.262417218473
21.262417218473
22.262417218473
23.262417218473
24.262417218473
25.262417218473
26.262417218473
27.262417218473
28.262417218473
29.262417218473
30.262417218473
31.262417218473
32.262417218473
33.262417218473
34.262417218473
35.262417218473
36.262417218473
37.262417218473
38.262417218473
39.262417218473
40.262417218473
41.262417218473
42.262417218473
43.262417218473
44.262417218473
45.262417218473
46.262417218473
47.262417218473
48.262417218473
49.262417218473
50.262417218473
51.262417218473
52.262417218473
53.262417218473
54.262417218473
55.262417218473
56.262417218473
57.262417218473
58.262417218473
59.262417218473
60.262417218473
61.262417218473
61.259947270630
60.260364696104
59.260375238902
58.260375551500
57.260375561486
56.260375561783
55.260375561786
54.260375561786
53.260375561786
52.260375561786
51.260375561786
50.260375561786
49.260375561786
48.260375561786
47.260375561786
46.260375561786
45.260375561786
44.260375561786
43.260375561786
42.260375561786
41.260375561786
40.260375561786
39.260375561786
38.260375561786
37.260375561786
36.260375561786
35.260375561786
34.260375561786
33.260375561786
32.260375561786
31.260375561786
30.260375561786
29.260375561786
28.260375561786
27.260375561786
26.260375561786
25.260375561786
24.260375561786
23.260375561786
22.260375561786
21.260375561786
20.260375561786
19.260375561786
18.260375561786
17.260375561786
16.260375561786
15.260375561786
14.260375561786
13.260375561786
12.260375561786
11.260375561786
10.260375561786
9.260375561786
8.260375561786
7.260375561786
6.260375561786
5.260375561786
4.260375561786
3.260375561786
2.260375561786
1.266502452611
0.725057894121
0.414489763864
0.219740447643
0.117718203460
0.055089543451
0.049449357059
0.073954937860
0.085453122893
0.099978590319
0.118463812453
0.143301032473
0.153754226655
0.181196459690
0.230001433622
0.287093029117
0.363444235845
0.464890882984
0.607910073236
0.786307212936
1.016406784087
1.317864839111
1.688021869620
2.160276413412
2.751213122532
3.540288476123
4.539351483684
5.539317597010
6.539316840148
7.539316746809
8.539316713343
9.539316712770
10.539316712764
11.539316712763
12.539316712763
13.539316712763
14.539316712763
15.539316712763
16.539316712763
17.539316712763
18.539316712763
19.539316712763
20.539316712763
21.539316712763
22.539316712763
23.539316712763
24.539316712763
25.539316712763
26.539316712763
27.539316712763
28.539316712763
29.539316712763
30.539316712763
31.539316712763
32.539316712763
33.539316712763
34.539316712763
35.539316712763
36.539316712763
37.539316712763
38.539316712763
39.539316712763
40.539316712763
41.539316712763
42.539316712763
43.539316712763
44.539316712763
45.539316712763
46.539316712763
47.539316712763
48.539316712763
49.539316712763
50.539316712763
51.539316712763
52.539316713564
53.539316713564
54.539316713564
55.539316713564
56.539316713564
57.539316713564
58.539316713564
57.542343422657
56.542384903656
55.542386278306
54.542386414056
53.542386426960
52.542386428563
51.542386428678
50.542386428694
49.542386428694
48.542386428694
47.542386428694
46.542386428694
45.542386428694
44.542386428694
43.542386428694
42.542386428694
41.542386428694
40.542386428694
39.542386428694
38.542386428694
37.542386428694
36.542386428694
35.542386428694
34.542386428694
33.542386428694
32.542386428694
31.542386428694
30.542386428694
29.542386428694
28.542386428694
27.542386428694
26.542386428694
25.542386428694
24.542386428694
23.542386428694
22.542386428694
21.542386428694
20.542386428694
19.542386428694
18.542386428694
17.542386428694
16.542386428694
15.542386428694
14.542386428694
13.542386428694
12.542386428694
11.542386428694
10.542386428694
9.542386428694
8.542386428694
7.542386428694
6.542386428694
5.542386428694
4.542386428694
3.542386428694
2.542386428694
1.542386428694
0.856853659669
0.522089638988
0.376401543854
0.301341802819
0.238608740762
0.179345356342
0.126604654959
0.100514716992
0.079716633903
0.077525181757
0.083331556747
0.103964180626
0.133214082346
0.181013411699
0.228307027351
0.311281405190
0.408345603645
0.546365963670
0.716495149961
0.931654732192
1.212632623325
1.570255250461
2.023209301973
2.594777476677
3.354536906380
4.354486809091
5.354486808815
6.354486808815
7.354486808815
8.354486808815
9.354486808815
10.354486808815
11.354486808815
12.354486808815
13.354486808815
14.354486808815
15.354486808815
16.354486808815
17.354486808815
18.354486808815
19.354486808815
20.354486808815
21.354486808815
22.354486808815
23.354486808815
24.354486808815
25.354486808815
26.354486808815
27.354486808815
28.354486808815
29.354486808815
30.354486808815
31.354486808815
32.354486808815
33.354486808815
34.354486808815
35.354486808815
36.354486808815
37.354486808815
38.354486808815
39.354486808815
40.354486808815
41.354486808815
42.354486808815
43.354486808815
44.354486808815
45.354486808815
46.354486808815
47.354486808815
48.354486808815
49.354486808815
50.354486808815
51.354486808815
52.354486808815
53.354486808815
54.354486808815
55.354486808815
56.354486808815
57.354486808815
58.354486808815
59.354486808815
60.354486808815
61.354486808815
62.354486808815
63.354486808815
64.354486808815
65.354486808815
66.354486808815
67.354486808815
68.354486808815
69.354486808815
70.354486808815
71.354486808815
72.354486808815
73.354486808815
74.354486808815
75.354486808815
76.354486808815
77.354486808815
78.354486808815
79.354486808815
80.354486808815
81.354486808815
82.354486808815
83.354486808815
84.354486808815
85.354486808815
86.354486808815
87.354486808815
88.354486808815
89.354486808815
