5.000000000000
6.000000000000
7.000000000000
8.000000000000
9.000000000000
10.000000000000
11.000000000000
12.000000000000
13.000000000000
14.000000000000
15.000000000000
16.000000000000
17.000000000000
18.000000000000
19.000000000000
20.000000000000
21.000000000000
22.000000000000
23.000000000000
24.000000000000
25.000000000000
26.000000000000
27.000000000000
28.000000000000
29.000000000000
30.000000000000
31.000000000000
32.000000000000
33.000000000000
34.000000000000
35.000000000000
36.000000000000
37.000000000000
38.000000000000
39.000000000000
40.000000000000
41.000000000000
42.000000000000
43.000000000000
44.000000000000
45.000000000000
45.552605013635
44.552605013635
43.552605013635
42.552605013635
41.552605013635
40.552605013635
39.552605013635
38.552605013635
37.552605013635
36.552605013635
35.552605013635
34.552605013635
33.552605013635
32.552605013635
31.552605013635
30.552605013635
29.552605013635
28.552605013635
27.552605013635
26.552605013635
25.552605013635
24.552605013635
23.552605013635
22.552605013635
21.552605013635
20.552605013635
19.552605013635
18.552605013635
17.552605013635
16.552605013635
15.552605013635
14.552605013635
13.552605013635
12.552605013635
11.552605013635
10.552605013635
9.552605013635
8.552605013635
7.552605013635
6.552605013635
5.552605013635
4.552605013635
3.552605013635
2.552605013635
1.552605013635
0.552605013635
0.000000000000
0.000000000000
0.000000000000
0.000000000000
0.090627453014
0.105341774977
0.031389615228
0.000000000000
0.000000000000
0.000000000000
0.608516078564
1.608516078564
2.608516078564
3.608516078564
4.608516078564
5.608516078564
6.608516078564
7.608516078564
8.608516078564
9.608516078564
10.608516078564
11.608516078564
12.608516078564
13.608516078564
14.605688517318
14.650923740774
13.650923740774
12.650923740774
11.650923740774
10.650923740774
9.650923740774
8.650923740774
7.650923740774
6.650923740774
5.650923740774
5.912794996436
6.912794996436
7.912794996436
8.912794996436
9.912794996436
10.912794996436
10.723449747453
9.723449747453
8.723449747453
7.723449747453
6.723449747453
5.723449747453
4.723449747453
3.723449747453
3.187228031931
3.657514977735
4.657514977735
5.657514977735
6.657514977735
7.657514977735
8.657514977735
9.657514977735
10.657514977735
11.657514977735
12.657514977735
13.657514977735
14.657514977735
14.982233848267
14.545736315772
13.545736315772
12.545736315772
11.545736315772
10.545736315772
9.545736315772
8.545736315772
7.545736315772
6.545736315772
5.545736315772
4.545736315772
3.545736315772
2.545736315772
1.545736315772
0.778519780584
0.672562251898
1.203046594877
2.203046594877
3.203046594877
4.203046594877
5.203046594877
6.203046594877
7.203046594877
8.203046594877
9.203046594877
10.203046594877
11.203046594877
12.203046594877
12.838083295000
12.987177530607
12.619874116412
11.788255123849
10.788255123849
9.788255123849
8.788255123849
7.788255123849
6.788255123849
5.788255123849
5.098546137797
4.854338693440
5.085011063228
5.739677730822
6.724429113880
7.724429113880
8.724429113880
9.724429113880
10.407046267914
10.681132730639
10.503134912864
9.911745828579
8.990256878393
7.990256878393
6.990256878393
5.990256878393
4.990256878393
3.990256878393
2.990256878393
2.091741187724
1.353383838472
0.786771136783
0.389796966689
0.143741370590
0.020910103402
0.000000000000
0.000000000000
0.022215121500
0.141476960863
0.377201690249
0.756260080781
1.300639982831
2.023114713540
2.941860887800
3.941860887800
4.941860887800
5.941860887800
6.941860887800
7.941860887800
8.941860887800
9.941860887800
10.941860887800
11.941860887800
12.941860887800
13.941860887800
14.941860887800
15.941860887800
16.941860887800
17.941860887800
18.941860887800
19.941860887800
20.941860887800
21.941860887800
22.941860887800
23.941860887800
24.941860887800
25.941860887800
26.941860887800
27.941860887800
28.941860887800
29.941860887800
30.941860887800
31.941860887800
32.941860887800
33.941860887800
34.941860887800
35.941860887800
36.941860887800
37.941860887800
38.941860887800
39.941860887800
40.941860887800
41.941860887800
42.941860887800
43.941860887800
44.941860887800
45.941860887800
46.941860887800
47.941860887800
48.941860887800
49.941860887800
50.941860887800
51.941860887800
52.941860887800
53.941860887800
54.941860887800
55.941860887800
56.941860887800
57.941860887800
58.941860887800
59.941860887800
60.941860887800
61.941860887800
62.941860887800
63.941860887800
64.941860887800
65.941860887800
66.941860887800
67.941860887800
68.941860887800
69.941860887800
70.941860887800
71.941860887800
72.941860887800
73.941860887800
74.941860887800
75.941860887800
76.941860887800
77.941860887800
78.941860887800
79.941860887800
80.941860887800
81.941860887800
82.941860887800
83.941860887800
84.941860887800
85.941860887800
86.941860887800
87.941860887800
88.941860887800
87.941860887800
86.941860887800
85.941860887800
84.941860887800
83.941860887800
82.941860887800
81.941860887800
80.941860887800
79.941860887800
78.941860887800
77.941860887800
76.941860887800
75.941860887800
74.941860887800
73.941860887800
72.941860887800
71.941860887800
70.941860887800
69.941860887800
68.941860887800
67.941860887800
66.941860887800
65.941860887800
64.941860887800
63.941860887800
62.941860887800
61.941860887800
60.941860887800
59.941860887800
58.941860887800
57.941860887800
56.941860887800
55.941860887800
54.941860887800
53.941860887800
52.941860887800
51.941860887800
50.941860887800
49.941860887800
48.941860887800
47.941860887800
46.941860887800
45.941860887800
44.941860887800
43.941860887800
42.941860887800
41.941860887800
40.941860887800
39.941860887800
38.941860887800
37.941860887800
36.941860887800
35.941860887800
34.941860887800
33.941860887800
32.941860887800
31.941860887800
30.941860887800
29.941860887800
28.941860887800
27.941860887800
26.941860887800
25.941860887800
24.941860887800
23.941860887800
22.941860887800
21.941860887800
20.941860887800
19.941860887800
18.941860887800
17.941860887800
16.941860887800
15.941860887800
14.941860887800
13.941860887800
12.941860887800
11.941860887800
10.941860887800
9.941860887800
8.941860887800
7.941860887800
6.941860887800
5.941860887800
4.941860887800
3.941860887800
2.941860887800
1.941860887800
0.941860887800
0.151439340442
0.000000000000
0.000000000000
0.000000000000
0.000000000000
0.000000000000
0.000000000000
0.000000000000
0.000000000000
0.000709020616
0.004375233153
0.009571983527
0.014970372692
0.019408808629
0.024918587255
0.029058773094
0.032570242524
0.036211345290
0.041972122224
0.047939372375
0.055179825791
0.066145663739
0.078930009618
0.095913754052
0.117120302982
0.143234520688
0.176216066601
0.217213215372
0.267198496510
0.328973868220
0.401780008797
0.490464651311
0.596318006970
0.724140741467
0.876110333263
1.055045683147
1.264361678551
1.506436598734
1.786164739153
2.104631302394
2.464532622319
2.868619279478
3.318592586431
3.814695658710
4.356531677574
4.941198904836
5.564972915181
6.220464340801
6.900909829430
7.596440409210
8.294079678276
8.981703761409
9.646107641474
10.271333002819
10.843210834262
11.344611142175
11.756494968947
12.058035295367
12.224701096148
12.233815389770
12.064064082045
11.703093078247
11.151633008974
10.423980823907
9.550675987499
8.566640246718
7.566640246718
6.566640246718
5.566640246718
4.566640246718
3.610040521799
2.746985051366
1.996534320409
1.370947661026
0.875191829958
0.504785325492
0.249305219468
0.093909858126
0.017222334223
0.000000000000
0.000000000000
0.000000000000
0.000000000000
0.000000000000
0.000000000000
0.000000000000
0.000000000000
0.000000000000
0.007910336517
0.094139807609
0.279800219321
0.591612904978
1.053676098680
1.685847608997
2.506433314239
3.506433314239
4.506433314239
5.506433314239
6.506433314239
7.506433314239
8.506433314239
9.506433314239
10.506433314239
11.506433314239
12.506433314239
13.506433314239
14.506433314239
15.506433314239
16.506433314239
17.506433314239
18.506433314239
19.506433314239
20.506433314239
21.506433314239
22.506433314239
23.506433314239
24.506433314239
25.506433314239
26.506433314239
27.506433314239
28.506433314239
29.506433314239
30.506433314239
31.506433314239
32.506433314239
33.506433314239
34.506433314239
35.506433314239
36.506433314239
37.506433314239
38.506433314239
39.506433314239
40.506433314239
41.506433314239
42.506433314239
43.506433314239
44.506433314239
45.506433314239
46.506433314239
47.506433314239
48.506433314239
49.506433314239
50.506433314239
51.506433314239
52.506433314239
53.506433314239
54.506433314239
55.506433314239
56.506433314239
57.506433314239
58.506433314239
59.506433314239
60.506433314239
61.506433314239
62.506433314239
63.506433314239
64.506433314239
65.506433314239
66.506433314239
67.506433314239
68.506433314239
69.506433314239
70.506433314239
71.506433314239
72.506433314239
73.506433314239
74.506433314239
75.506433314239
76.506433314239
77.506433314239
78.506433314239
79.506433314239
80.506433314239
81.506433314239
82.506433314239
83.506433314239
84.506433314239
85.506433314239
86.506433314239
87.506433314239
88.506433314239
89.506433314239
90.000000000000
90.000000000000
90.000000000000
90.000000000000
90.000000000000
90.000000000000
90.000000000000
90.000000000000
90.000000000000
90.000000000000
90.000000000000
90.000000000000
90.000000000000
90.000000000000
90.000000000000
90.000000000000
90.000000000000
90.000000000000
90.000000000000
90.000000000000
90.000000000000
90.000000000000
