5.000000000000
6.000000000000
7.000000000000
8.000000000000
9.000000000000
10.000000000000
11.000000000000
12.000000000000
13.000000000000
14.000000000000
15.000000000000
16.000000000000
17.000000000000
18.000000000000
19.000000000000
20.000000000000
21.000000000000
22.000000000000
23.000000000000
24.000000000000
25.000000000000
26.000000000000
27.000000000000
28.000000000000
29.000000000000
30.000000000000
31.000000000000
32.000000000000
33.000000000000
34.000000000000
35.000000000000
36.000000000000
37.000000000000
38.000000000000
38.999999996407
39.999999989221
40.999999963507
41.999996612044
41.000008307704
40.000008530703
39.000008592929
38.000008620699
37.000008640818
36.000008647828
35.000008651074
34.000008654320
33.000008657566
32.000008660813
31.000008664059
30.000008667305
29.000008670551
28.000008673797
27.000008677043
26.000008680289
25.000008683536
24.000008685225
23.000008686915
22.000008688605
21.000008688605
20.000008688605
19.000008688605
18.000008688605
17.000008688605
16.000008688605
15.000008688605
14.000008688605
13.000008688605
12.000008688605
11.000008688605
10.000008688605
9.000008688605
8.000008688605
7.000008688605
6.000008692198
5.000008695790
4.000008699383
3.000008710417
2.000008739645
1.000071310611
0.450201510669
0.179393043670
0.063131405937
0.031667090443
0.033079590671
0.056490233996
0.053048044497
0.043637724262
0.057562436591
0.053763083101
0.026385613373
0.013076549387
0.016722087375
0.017457740979
0.021473875290
0.017182290476
0.021146213142
0.020711202825
0.015509944672
0.012147042899
0.016506134508
0.009837834546
0.013404397003
0.009015705421
0.016716368463
0.019346507314
0.006232709382
0.003249231296
0.010429878318
0.007506504512
0.006998691652
0.001037646790
0.003242670767
0.002126557047
0.003999566475
0.003279308783
0.004841858895
0.005707980373
0.003617704830
0.001572963119
0.008329608111
0.018809478022
0.000554701743
0.003338844709
0.022657770587
0.002444955474
0.000027961004
0.000016906837
0.050288762617
0.066067643862
0.031127185748
0.000835663599
0.000058068831
0.000034530236
0.149752476777
0.344321329886
0.612677477021
0.999410430616
1.495199970107
2.073315059719
2.741162134169
3.544090541659
4.476669228940
5.476491152613
6.476444380045
7.476427325825
8.476415818039
9.476411027342
10.476407944183
11.476405209473
12.476404358674
13.476403671586
14.476403249531
15.142128975886
15.501023910549
15.501699041415
15.149563438291
14.469802768074
13.476862398075
12.476992724171
11.477020710753
10.477029003356
9.477033920272
8.477038248226
7.477039341955
6.477039654480
5.567901151422
4.748847199872
4.031992445967
3.411945211749
2.888010220853
2.439775733390
2.062753002259
1.736362155856
1.465493969911
1.250999364964
1.061712032761
0.900316923115
0.759335839210
0.652694238875
0.555497317780
0.478923775447
0.415677915323
0.378236761183
0.317130141221
0.279035455939
0.254600239325
0.235949760694
0.214065814385
0.202310010191
0.182455449059
0.165907405018
0.157898779531
0.159130334485
0.149062879636
0.128520652065
0.118972048875
0.126913400477
0.118143238966
0.123869559185
0.123369093232
0.134417744033
0.142720903376
0.159857961129
0.158963445369
0.185599814089
0.197303978064
0.227755883775
0.253789695415
0.289550156298
0.321152703602
0.373298443383
0.432395373926
0.516852978443
0.618147809713
0.757040498291
0.918020280514
1.097234184429
1.347900191892
1.645415770713
2.000489926480
2.445621072935
2.983970337233
3.611185129790
4.438555238669
5.425809299061
6.424821456188
7.424679605173
8.424672146703
9.424671433858
10.424671229935
11.424671116213
12.424671017579
13.424670951779
14.424670884018
15.424670828563
16.424670787853
17.424670776788
18.424670771032
19.424670767781
20.424670764530
21.424670761279
22.424670758028
23.424670754803
24.424670754803
25.424670754803
26.424670754803
27.424670754803
28.424670754803
29.424670754803
30.424670754803
31.424670754803
32.424670754803
33.424670754803
34.424670754803
35.424670754803
36.424670754803
37.424670754803
38.424670754803
39.424670754803
40.424670754803
41.424670754803
42.424670754803
43.424670754803
44.424670754803
45.424670754803
46.424670754803
47.424670754803
48.424670754803
49.424670754803
50.424670754803
51.424670754803
52.424670754803
53.424670754803
54.424670754803
55.424670754803
56.424670754803
57.424670754803
58.424670754803
59.424670754803
60.424670754803
61.424670754803
62.424670754803
63.424670754803
64.424670754803
65.424670754803
66.424670754803
67.424670754803
68.424670754803
69.424670754803
70.424670754803
71.424670754803
72.424670752842
73.424670744203
74.424670735471
75.424670726739
76.424670055535
77.424665341207
77.568150187179
76.659392574946
75.665313849654
74.666000702620
73.666087073896
72.666133633094
71.666147051374
70.666149315156
69.666150389535
68.666150582026
67.666150684864
66.666150777145
65.666150842063
64.666150908783
63.666150976861
62.666151032940
61.666151065115
60.666151080646
59.666151096177
58.666151110864
57.666151110864
56.666151110864
55.666151110864
54.666151110864
53.666151110864
52.666151110864
51.666151110864
50.666151110864
49.666151110864
48.666151110864
47.666151110864
46.666151110864
45.666151113142
44.666151113142
43.666151113142
42.666151113142
41.666151113142
40.666151113142
39.666151113142
38.666151113142
37.666151118401
36.666151125587
35.666151128682
34.666151128682
33.666151128682
32.666151128682
31.666151128682
30.666151128682
29.666151128682
28.666151128682
27.666151128682
26.666151128682
25.666151128682
24.666151128682
23.666151128682
22.666151128682
21.666151128682
20.666151128682
19.666151128682
18.666151132421
17.666151134113
16.666151135805
15.666151145656
14.666151155507
13.666151165359
12.666151175210
11.666151188642
10.666151216198
9.666151247543
8.666151281571
7.666151351091
6.666151442492
5.666152182786
4.666153073156
3.666154539337
2.666159433542
1.670984237973
1.207898461563
0.953846414598
0.695951629211
0.539851778487
0.385070973778
0.307279458130
0.243997029362
0.182892542042
0.106877976638
0.017793376827
0.000722749412
0.017408741763
0.042918056503
0.069463387337
0.055666347324
0.061188601989
0.072072601044
0.045313653917
0.046228633877
0.055257996501
0.052584604842
0.042803996456
0.053026803480
0.044312254099
0.031166309060
0.034792981382
0.043014903865
0.058809719422
0.051029269326
0.068917741711
0.095583508444
0.119706436362
0.162706098257
0.193016131127
0.261265775555
0.343282974713
0.440983556722
0.602930187752
0.769348266641
1.030485029508
1.338604806626
1.654820496136
2.095236355230
2.609150567063
3.226282307583
3.913319700868
4.701250835320
5.610529586720
6.607584145959
7.607434981823
8.607267951304
9.607065222005
10.606815798231
11.606442038053
12.566869882340
13.260880190392
13.702613593750
13.852427084851
13.688930707738
13.173003544197
12.245893312924
11.246094724977
10.246338599664
9.246599661322
8.246970113313
7.247464225120
6.248404049792
5.717021205990
5.650758705588
5.994464933201
6.546013881327
7.214343629568
7.873832337790
8.455853151825
8.929714888970
9.266410848488
9.439518455126
9.454876204966
9.344117711894
9.093487256271
8.763084731351
8.347410289992
7.859552362026
7.351388491525
6.817376239998
6.276654050591
5.739621489370
5.257230964559
4.753824789276
4.293753084346
3.859054747080
3.451190856124
3.081448920688
2.726384183640
2.418190478376
2.144264285739
1.870597042157
1.642016526516
1.419878418989
1.233226364409
1.077816431257
0.928636796026
0.798704269973
0.689816930761
0.585257103773
0.507855377713
0.440096946161
0.381161257059
0.336556634515
0.293295184273
0.288215202308
0.248411534874
0.224187178122
0.211533497871
0.220220083973
0.236792826567
0.253005606665
0.271170501815
0.291664867110
0.317054630598
0.347117246387
0.390805098172
0.454848068990
0.519964227205
0.602703400082
0.689865636677
0.803518286618
0.941565599543
1.113817058383
1.325261626278
1.576374314400
1.886100873832
2.264944140394
2.710151568652
3.250313662963
3.903280471999
4.730427251242
5.730427251242
6.730427251242
7.730427251242
8.730427251242
9.730427251242
10.730427247857
11.730427247857
12.730427247857
13.730427245243
14.730427241858
15.730427238474
16.730427238474
17.730427233533
18.730427228592
19.730427214905
20.730427199660
21.730427184784
22.730427167096
23.730427148615
24.730427103700
25.730427040361
26.730426951532
27.730426837648
28.730426726253
29.730426566027
30.730426388929
31.730426201545
32.730425974849
33.730425681467
34.730425254939
35.730424725932
36.730424065266
37.730423374084
38.730422654549
39.730421763748
40.730420659438
41.730419413198
42.730417843258
43.730416320791
44.730414407917
45.730412291507
46.730409965276
47.730407336554
48.730404583303
49.730401490218
50.730398258759
51.730395159180
52.730392564228
53.730390350939
54.730389259962
55.730388614994
56.730388298787
57.730388275008
58.730388263347
59.730388251686
60.730388251686
61.730388251686
62.730388251686
63.730388251686
64.730388251686
65.730388251686
66.730388251686
67.730388251686
68.730388251686
69.730388251686
70.730388251686
71.730388251686
72.730388251686
73.730388251686
74.730388251686
75.730388251686
76.730387991333
77.730387597219
78.730385936456
79.730384121132
80.730382084962
81.730379594274
82.730376105159
83.730370583531
84.730363950130
85.730351118125
86.730332075818
87.730305797914
88.730239750856
89.729896051721
89.999888354160
89.999949833220
89.999985054954
89.999997185019
