5.000000000000
6.000001074183
7.000002148366
8.000002148366
9.000002148366
10.000003222550
11.000004326504
12.000004333382
13.000004337692
14.000005416670
15.000006491648
16.000006491648
17.000006491648
18.000006491648
19.000006496776
20.000006496776
21.000006502070
22.000006625694
23.000006625694
24.000006625694
25.000006625694
26.000006697946
27.000006697946
28.000006725878
29.000006778998
30.000006778998
31.000007853181
32.000007853181
33.000007885409
34.000007885409
35.000008959592
36.000008959592
37.000008959592
38.000008959592
39.000008959613
40.000008959613
41.000009194498
42.000010385151
43.000011459334
44.000008770506
45.000015822632
46.000016896817
47.000017050311
48.000017050311
49.000018124494
49.920436273526
49.983126351375
49.999999996030
49.964670190167
49.996771407034
49.999953083853
49.925642587636
49.999985081355
49.990009377702
49.941194753094
49.999999670714
49.945292951247
49.979764233250
49.995226765234
49.926215281705
49.999982840711
49.948459436766
49.931766772896
49.999590221620
49.937364006038
49.991029405730
49.956082657403
49.923273238984
49.998892738432
49.938628912449
49.966036603728
49.963269088644
49.931415024263
49.998300268066
49.934302141039
49.955534627520
49.969250945561
49.930556228066
49.998760078297
49.943112356190
49.950287086595
49.971056868152
49.930046477156
49.988075571715
49.940717050095
49.907540799458
49.897724364687
49.718095887453
48.981829614108
48.449024111682
47.729784991979
47.211163197537
46.291302185349
45.296841778214
44.297403322503
43.299108718444
42.302796569151
41.302795826096
40.302795826096
39.302795826096
38.302795826096
37.302795826096
36.302795826096
35.302795797575
34.302795797575
33.302795797575
32.302795797575
31.302795797575
30.302795797575
29.302795797575
28.302795797574
27.302795797572
26.302795797572
25.302795797572
24.302795797572
23.302795797572
22.302795797572
21.302795797572
20.302795797572
19.302795797572
18.302795797572
17.302794723388
16.302794723388
15.302794723388
14.302794723388
13.302794723388
12.302794723388
11.302794723388
10.302794723388
9.302793649205
8.302793649205
7.302793649205
6.302793649205
5.302793649205
4.302793649205
3.303512976211
2.304124872524
1.559167481876
1.156973032631
0.812070034871
0.932052330829
0.593354342979
0.861379731684
0.681216488610
0.399242402576
0.542345895120
0.111383826953
0.402334342905
0.285979655060
0.177594045611
0.042467156400
0.000161458520
0.042220093216
0.120545487783
0.027465495640
0.009662226310
0.018760457046
0.000012181054
0.000005762402
0.039754270354
0.006018922939
0.000000026156
0.000031325384
0.083917284120
0.088940741541
0.000790325954
0.039298376018
0.471807415974
1.468026303450
2.468025097286
3.468025094055
4.468025094055
5.468025094055
6.468025094055
7.468026168238
8.468026168238
9.468026168238
10.468026168238
11.468026168238
12.468026168238
13.468027242421
14.468027242326
15.468027242284
16.468027242284
17.468027242284
18.468027242284
19.468027242284
20.468027242284
21.468027242284
22.468028316467
23.468028316467
24.468028316467
25.468028316467
26.468028316467
27.468029390650
28.468030464833
29.468031539016
30.468031539016
31.468031539016
32.468031539016
33.468032613200
34.468032613200
35.468032613200
36.468033687383
37.468033687383
38.468033687383
39.468033687383
40.468033687383
41.468033687383
42.468033687383
43.468033687383
44.468033687383
45.468034761566
46.468034499521
47.468033659584
48.468032036293
49.464485422925
49.861697326833
49.976746159350
49.983065238200
49.999611793017
49.999903164611
49.999349944537
49.831368771118
49.971930375621
49.999873224050
49.999965108531
49.997846739743
49.999755712883
49.999890908880
49.999745058219
49.996358794075
49.998905850759
49.999994459792
49.999999929507
49.999996155410
49.916076050680
49.999861427044
49.999999950872
49.999999386999
49.999833442369
49.999547545516
49.999995953896
49.999994238931
49.999996537572
49.999998487156
49.999710658490
49.999945144008
49.999999845351
49.999999776830
49.999999113014
49.999451098277
49.999945869545
49.999940729971
49.999986561223
49.999762771152
49.999964470494
49.999691683506
49.999813590952
49.999295064629
49.999997109440
49.998661725608
49.999950028530
49.994418436596
49.999772040973
49.909965440177
49.999776517144
49.998797056923
49.999831802471
49.999975942356
49.999921467005
49.999843232050
49.999997902480
49.999958247143
49.999999687410
49.999997375327
49.999994915201
49.999967179216
49.999999720779
49.999999833712
49.999986563324
49.999999680064
49.999997871536
49.999999742943
49.999999738447
49.999999961896
49.999984804024
49.999985780608
49.999999899804
49.999999995113
49.999983972602
49.999869994161
49.999999157594
49.999999987152
50.000000000000
49.999999907415
49.999993877382
49.999999818745
49.999999999658
49.999999987195
49.999992874269
49.999999956591
49.999999997422
49.999948034201
49.999999997366
49.999999992395
49.999998571874
49.999999948946
49.999999806792
49.999998864097
49.999999999972
49.999999949866
49.999999732622
49.999999811078
49.999999805103
49.999999949540
49.999999928313
49.999999995195
49.999989312895
49.999999990253
49.999999079218
49.999999943025
49.999999999999
49.999999888751
49.999999981288
49.999999472548
50.000000000000
49.999999989347
50.000000000000
49.999999993624
49.999997804152
50.000000000000
50.000000000000
49.999999985050
49.999999833425
49.999999993607
49.999999711795
49.999999576166
49.999999907253
49.999999981561
49.999959589555
49.999999998316
49.999999968753
49.999871066052
49.999994048181
49.999999937284
49.999720880755
49.998164004192
49.997640703923
49.750367827234
49.448561289825
48.940008702864
48.717361380201
47.846616321980
46.846624254303
45.846625019992
44.846625028988
43.846625028907
42.846625028914
41.846625039993
40.846625039993
39.846625039045
38.846625061543
37.846623987958
36.846623992799
35.846624052319
34.846624052319
33.846624052319
32.846624052319
31.846624052319
30.846624052319
29.846624052319
28.846624052319
27.846624052319
26.846624052319
25.846624052319
24.846624052319
23.846624052319
22.846624052319
21.846624052319
20.846624052319
19.846624052319
18.846624052319
17.846624052319
16.846624052319
15.846624052319
14.846624052319
13.846624052319
12.846624052319
11.846624052319
10.846624052319
9.846624052319
8.846624052850
7.846624052850
6.846625861262
5.883851402679
4.963452309405
4.050588802678
3.569652349123
3.297829259981
3.074034206834
2.985193744024
3.320732212146
3.713857113963
4.511116213717
5.366005301699
6.298497822554
7.250242344733
8.232402200244
9.232337230809
10.232326823450
11.232326153307
12.232325739271
13.232326809969
14.232327884152
15.232328956228
16.232330030411
17.232330030411
18.232329998390
19.232331040230
20.232331015050
21.232330950792
22.232319960741
23.232319142599
24.232319109179
25.232319109179
26.232319109179
27.232319101147
28.232319098633
29.232319038179
30.232319009567
31.232318973486
32.232319168588
33.232319168492
34.232320242300
35.232320242300
36.232320242300
37.232321316484
38.232321305643
39.232321408388
40.232318422976
41.232318363934
42.232318359812
43.232319422378
44.232320480811
45.232320375324
46.201858323505
47.133443364215
48.070286269595
48.742351748813
49.476915462747
49.649447704704
49.904458694735
49.927769291856
49.996983389600
49.999899628919
49.997747306857
49.954273900503
49.964915838581
49.999291193262
49.999608906168
49.999637072805
49.967191544907
49.992589596131
49.995415933580
49.999682114131
49.999194040460
49.976012869302
49.999989018366
49.999104081577
49.996945811472
49.971496068842
49.995902908130
49.998998417265
49.999552844045
49.982002909653
49.995854760443
49.997577409343
49.995229568710
49.999994751607
49.999999475739
49.999946133908
49.998133227997
49.998752775000
49.999447017519
49.999975615887
49.999998210983
49.999948480413
49.998956311752
49.999718700101
49.999908806693
49.999925819500
49.999999693237
49.999918171287
49.999085848603
49.999409734655
49.999968842381
49.999972947004
49.999998378963
49.999941963006
49.999983368473
49.997367976998
49.999747982021
49.999877594456
49.998679474755
49.999776503648
49.998489850041
49.999897898940
49.998564450333
49.999911506916
49.999804432155
49.999998054107
49.999363799322
49.999996798879
49.999869698190
49.999990340787
49.999304647826
49.999912826193
49.999774734980
49.999999077829
49.998580632775
49.999508462059
49.999966467585
49.999978761789
49.999948925977
49.999998262813
49.999990030341
49.999097008556
49.999996752504
49.999999887286
49.999996211343
49.999864909225
49.999991604354
49.999997820865
49.999968664546
49.999999498096
49.999979720646
49.999999688204
49.999997882190
49.999999643344
49.999999950911
49.999984200551
49.999874669524
49.999963687604
49.999999994167
49.999999103409
49.999999694100
49.999999401051
49.999993862994
49.999921243901
49.999999591517
49.999999460263
49.999957872310
49.999995820731
49.999988474020
49.999995060739
49.999999954897
49.999999226588
49.999999977569
49.999999996349
49.999998998864
49.999999382292
49.999999982292
49.999999962856
49.999999342048
49.999999565508
49.999999523771
49.999999998720
49.999999490189
49.999999896861
49.999999988441
49.999999996907
50.000000000000
50.000000000000
49.999999999865
49.999999971809
49.999999946761
49.999999897222
49.999999997831
49.999999982817
49.999999997546
49.999999998265
50.000000000000
50.000000000000
49.999999999859
50.000000000000
50.000000000000
49.999999999527
49.999999994272
50.000000000000
50.000000000000
49.999999999337
50.000000000000
50.000000000000
50.000000000000
50.000000000000
50.000000000000
50.000000000000
50.000000000000
49.999999999729
