0.000000000000
3.718838401280
11.183982276087
22.306698089146
37.036985841020
55.324845532214
77.120277163340
102.373280734964
131.033856252127
163.052004536025
198.877724331464
238.561016087928
282.151879815060
329.700315517978
21.256323197639
76.869902853985
136.591054486958
200.469778096502
268.556073682557
340.899941245067
57.551380783974
138.560392299219
223.976975790745
313.851131257582
48.232858699594
147.172158117364
250.719029508966
358.923472874177
111.835488211685
229.505075514227
351.982232073577
118.236706476045
248.949629415336
23.152339470663
160.571798415234
301.158006152292
84.860962681837
231.630668003870
21.417122118390
174.170325025398
329.840276725470
128.376977218637
289.730426504926
93.850624584368
260.687571456990
70.191267122821
242.311711583715
56.998904840457
234.202846893185
53.873537742038
235.960977387151
60.415165828660
247.186103066704
76.223789101420
267.478223943959
100.899407615710
296.437340124818
134.042021538935
333.663451898761
175.251631207096
18.756559468995
224.128236689518
71.316662930840
280.271838276082
130.943764694227
343.282442258370
197.237871955021
52.760054488853
269.798990287186
128.304683849499
348.227141435980
209.516389780528
72.122447270256
295.995393144531
161.085256885482
27.342258050648
254.717588376782
123.163343984032
352.767747860495
226.392150813597
104.964657192863
348.543599737506
237.179088687752
130.921546868411
29.820896303750
293.927126270776
203.290259158005
117.960264489464
37.986770390015
323.420146301155
254.310431483459
190.707693651210
132.660495546483
80.214652890557
33.425394892397
352.334947120823
316.981743907229
287.371949947080
263.508010464652
245.470323667075
233.353093464222
227.231862261818
227.160934393138
233.182616526119
245.352619678716
263.725538880737
288.343365246117
319.263607991197
356.535704402722
40.210436519293
90.337325565155
146.957100898322
210.128669783322
279.903253082496
356.330964921631
79.461892379355
169.346077340363
266.033549551030
9.574304126917
120.018238512192
237.415443773640
1.815918937928
133.269663341570
271.826676321075
57.536851762931
210.450152014322
10.616548534570
178.085775429239
352.907762211577
175.132426409839
4.809506050214
201.986738126715
46.715311263028
259.045271043003
119.027200396116
346.694809464412
215.868836249671
85.964665135203
316.922417870345
188.688695473736
61.212836055639
294.444560035523
168.333687314936
42.830165204866
277.883974172795
153.445113169929
29.463573767797
265.889355018119
142.672456317386
19.762876992095
257.110616962695
134.665676010458
12.378053967683
250.197750711828
128.074766186749
5.959100360375
243.800753235770
121.549724873788
359.156015180140
236.569631941005
113.740575352777
350.619097731169
227.232504146727
103.964044040935
340.711550650160
217.479200881170
94.251498796661
331.127327395666
208.167925731090
85.259574243700
322.357515915435
199.516232872101
76.769768699624
313.987571731565
191.265311275145
68.430960610317
305.498441557376
182.462054171240
59.417885281587
296.299162615761
173.328707744820
50.248745844069
287.295711763973
164.381545857678
41.831887966701
279.314495382200
156.362109321526
32.719949609714
268.136578434761
142.669724786109
16.834127379650
251.026594102805
125.663320967714
0.975662093406
237.731261530723
115.716812322187
354.949636698464
234.250088061332
112.769586747882
350.200722181179
226.524046540272
101.480553421250
334.942522781346
207.034364587589
77.911397313018
307.575186441023
176.205514089607
44.438936222298
272.193849024204
139.687719574160
6.853611766034
234.019213218812
101.219044458634
328.823001580435
196.870749649111
65.440578967783
294.302425152261
163.584305788395
33.381936646836
263.547887264781
134.459247640681
5.896272896766
237.747690902256
110.188780535088
343.386042557768
217.265791741920
91.786596817019
326.957553311452
202.957661577013
79.785525578133
317.556587099374
196.516009885390
76.818720810047
318.549945384175
201.988629184294
87.399290954412
334.963849570973
224.914778952845
117.370926283618
12.404993440726
270.024146333849
170.143185453992
72.783008806566
337.953620774914
245.775181894786
156.353159876664
69.935796941848
346.637436691365
266.484372943228
189.528812918390
115.791018894504
45.338351436124
338.223319346443
274.576426809654
214.655153841077
158.718719965202
106.965591175890
59.461968858172
16.320962239250
337.858782762197
304.595095769477
277.019561846766
255.343075132048
239.732001456472
230.527248821422
228.321160262464
233.598814342611
246.499571609172
267.089924344700
295.493726032252
331.851908547856
15.955877866176
67.015996968030
123.735829665077
184.387179708627
247.023786672657
309.501964939392
9.990341665619
66.572830131121
119.001617859617
167.205292963418
211.129636329142
250.723596967081
285.936642033523
316.718588587896
343.019313182231
4.788732929249
21.976800726398
34.533477630570
42.408775051942
45.552675554358
43.915177678572
37.446281314889
26.095985072639
9.814288958202
348.551192579838
322.256695874775
290.880798842984
254.373501484487
212.684803799281
165.764705787389
113.563207448781
56.030308783479
353.116009791454
284.770310472729
210.943210827300
131.584710855163
46.644810556315
316.073509930752
219.820808978498
117.836707699521
10.071206093846
256.474304161469
136.996001902385
11.586299316591
240.195196404085
102.772693164888
319.268789598971
169.633485706357
13.816781487041
211.768676941021
43.439172068293
228.778266868853
47.735961342698
220.262255489851
26.307149310282
185.820642804013
338.752735971041
125.053428811362
264.672721324973
37.560613511871
163.667105372078
282.942196905564
35.335888112352
140.798179005675
239.279069585606
330.728559852248
55.096649805648
132.333339445907
203.676962799223
268.499940840524
327.263153359393
20.638407787449
69.028587118141
112.945521031073
152.732678690361
188.448613695263
220.581085167880
249.257871491611
274.758776267397
297.601057014714
317.916137961957
336.321200674698
352.982384613852
8.223402827692
22.531689219450
36.257923891955
49.461058279116
62.648599586401
75.910381152252
89.420919226480
103.581764437122
118.033782587917
132.994529580461
148.432564173476
164.641798362009
181.149103053650
198.174619469426
215.972009651195
234.357334112279
253.350845823358
272.771257846968
292.707511357504
308.480815591637
319.458964584339
333.698984479292
349.647209125061
3.656400145578
15.877216899652
29.891198033913
51.048999016439
81.746944162170
122.874385884754
174.618065488545
237.007966358042
310.007576149641
33.103979039395
125.252236205248
224.780016593384
329.687946681882
76.167434813288
183.398319812987
291.246066687839
40.462920817771
151.547597566314
265.477424855578
22.568342930724
141.166196759665
260.411277936068
20.453564531812
139.217641596851
254.600583167747
4.988163836680
110.595692545387
213.618795391752
315.463604164236
57.650407411371
161.719986515500
266.342845241651
10.504662062605
113.836088541884
216.238111587283
317.916274127784
58.802398839422
159.331058649813
259.630428075432
359.959791993102
100.587497126410
200.922375897789
300.860842551299
40.344250530291
139.726794021928
239.053078785149
337.957523006673
76.789358948005
175.117880100014
273.420093037459
11.416245275761
109.093860215029
206.415787066405
303.392046302103
40.099667494887
136.287598613665
231.860331514941
326.793387935119
60.976561989869
153.996088034479
245.399945745889
334.748105749666
61.486913992350
145.146203088071
226.390950833235
306.738868914506
28.352194607720
112.689719995118
199.480857880615
288.356925015372
18.529574315525
109.516531635578
201.097005418302
292.960913912956
25.120797053476
117.264258086544
209.510267046176
301.724023200049
34.037305123966
126.227843831351
218.438570554406
310.636486250069
42.803184157612
134.965838026495
227.141775683250
319.335395036799
51.568302793842
144.169357175161
236.767507564311
329.316888843182
62.354912449801
155.226579360687
248.237774074136
341.706302743025
75.387933702473
169.194130258718
263.655965485463
357.893934359981
92.773163056100
188.239013717528
284.304510329582
20.711464920984
117.766325504242
215.336609105643
312.358889864231
46.903077453238
140.115185597104
232.275208489724
327.833938480096
69.563487936182
178.610957740517
288.530684797322
31.013364102604
125.477423159620
216.409909755592
310.475963337016
48.811864869260
146.366597935514
246.535167646481
345.546003577870
82.472166355122
176.892277906165
273.028016507118
10.334825903988
108.365618470606
205.776809639411
302.932934297092
39.778045629586
136.726127540705
233.437954704491
329.655872477216
65.346615396492
160.660992781280
255.421618483664
349.781537325276
83.236697504901
176.207305823314
268.430743904728
359.756979021394
90.064370690723
179.293305374633
267.232755217900
353.727907009961
78.609124232371
161.679002855225
242.739920180901
321.592237112541
38.067884314207
112.086938609816
183.557142723888
252.465893609574
318.809794486317
22.518740950784
83.583418858235
141.877039658018
197.254963647715
249.583169593938
298.786706712807
344.796170959681
27.611960476820
67.191786544172
103.532031292210
136.571890892011
166.237431526357
192.483061705832
215.218961033747
234.440623809575
250.122601150551
262.184412101419
270.576039889907
275.122674906184
275.625192285836
271.979585147614
263.967826039857
251.406348019689
234.016900483963
211.452209473520
183.565785414311
150.086040399994
110.668117926430
65.196489716637
13.442577648070
315.182384754240
250.414224056222
179.038848998570
101.014215323087
16.516357231003
285.708601628973
188.701730454662
85.873795579250
337.602377079248
224.110188592579
105.662440494033
342.613206308022
215.048897913165
82.855358696548
306.116078316341
164.809924698830
18.567452284400
227.220225533981
70.819844277781
269.079305479167
101.479852272415
288.069691691784
108.677490672938
282.620521242046
89.549693936825
249.397533485580
41.550604179286
185.257345239651
320.531466399634
86.939102200226
203.628947796264
309.910496110420
45.151573417704
127.517466471835
196.738921667150
252.047285251739
295.393292061143
325.194029547949
340.119770016981
340.120524438035
340.120524438035
