5.000000000000
6.000000000000
7.000000000000
8.000000000000
9.000000000000
10.000000000000
11.000000000000
12.000000000000
13.000000000000
14.000000000000
15.000000000000
16.000000000000
17.000000000000
18.000000000000
19.000000000000
20.000000000000
21.000000000000
22.000000000000
23.000000000000
24.000000000000
25.000000000000
26.000000000000
27.000000000000
28.000000000000
29.000000000000
29.740543458777
30.376684274125
30.578896636222
29.857007001280
30.514973393876
30.462220229973
31.235831794420
30.235831794420
30.286979760042
29.998746790307
28.998746790307
27.998746790307
26.998746790307
25.998746790307
24.998746790307
23.998746790307
22.998746790307
21.998746790307
21.808644857432
21.259180975093
20.792752734267
21.179684673457
20.854234533105
20.703491449267
20.773469985809
19.957520410631
19.559992829824
18.949930797130
17.981516592019
17.891397875196
17.634885064501
17.468360825965
17.770332583448
17.592346760326
17.640310119680
17.550748245555
17.051513589038
16.881981596746
16.342116997311
15.833815464164
15.610067512278
15.113160063200
14.974233519790
14.894238735710
14.771526878961
15.038705652271
15.070210220973
15.088896897875
15.147947400081
14.914091450382
14.891208851953
14.838649889023
14.607282910256
14.452111242593
14.008901368921
13.607397782180
13.483055256000
13.472857139909
13.889016574909
14.513146316749
15.123840605952
15.790307585713
16.132630488715
16.188303794665
16.065661172630
15.618748402987
15.148215347019
14.679172105666
14.215624855314
14.023410485103
13.943691338592
14.001713983458
14.272296639364
14.545056024252
14.875895837576
15.218164295472
15.416534275114
15.555669060947
15.567612774749
15.398759998495
15.178076565608
14.846730293253
14.405291583334
13.982328956917
13.516936228298
13.037477058223
12.640124166786
12.269272579429
11.952205092311
11.766567199197
11.698374908083
11.729362777853
11.892745420091
12.192119998846
12.630081112934
13.232565903032
14.000000000000
15.000000000000
16.000000000000
17.000000000000
18.000000000000
19.000000000000
20.000000000000
21.000000000000
22.000000000000
23.000000000000
24.000000000000
25.000000000000
26.000000000000
27.000000000000
28.000000000000
29.000000000000
30.000000000000
31.000000000000
32.000000000000
33.000000000000
34.000000000000
35.000000000000
36.000000000000
37.000000000000
38.000000000000
39.000000000000
40.000000000000
41.000000000000
42.000000000000
43.000000000000
44.000000000000
45.000000000000
46.000000000000
47.000000000000
48.000000000000
49.000000000000
50.000000000000
50.000000000000
50.000000000000
50.000000000000
50.000000000000
50.000000000000
50.000000000000
50.000000000000
50.000000000000
50.000000000000
50.000000000000
50.000000000000
50.000000000000
50.000000000000
50.000000000000
50.000000000000
50.000000000000
50.000000000000
50.000000000000
50.000000000000
50.000000000000
50.000000000000
50.000000000000
50.000000000000
50.000000000000
50.000000000000
50.000000000000
50.000000000000
50.000000000000
50.000000000000
50.000000000000
50.000000000000
50.000000000000
50.000000000000
50.000000000000
50.000000000000
50.000000000000
50.000000000000
50.000000000000
50.000000000000
50.000000000000
50.000000000000
50.000000000000
50.000000000000
50.000000000000
50.000000000000
50.000000000000
50.000000000000
50.000000000000
50.000000000000
50.000000000000
50.000000000000
50.000000000000
50.000000000000
50.000000000000
50.000000000000
50.000000000000
50.000000000000
50.000000000000
50.000000000000
50.000000000000
50.000000000000
50.000000000000
50.000000000000
50.000000000000
50.000000000000
50.000000000000
50.000000000000
50.000000000000
50.000000000000
50.000000000000
50.000000000000
50.000000000000
50.000000000000
50.000000000000
50.000000000000
50.000000000000
50.000000000000
50.000000000000
50.000000000000
50.000000000000
50.000000000000
50.000000000000
50.000000000000
50.000000000000
50.000000000000
50.000000000000
50.000000000000
50.000000000000
50.000000000000
50.000000000000
50.000000000000
50.000000000000
50.000000000000
50.000000000000
50.000000000000
50.000000000000
50.000000000000
50.000000000000
50.000000000000
50.000000000000
50.000000000000
50.000000000000
50.000000000000
50.000000000000
50.000000000000
50.000000000000
50.000000000000
50.000000000000
50.000000000000
50.000000000000
50.000000000000
50.000000000000
50.000000000000
50.000000000000
50.000000000000
50.000000000000
50.000000000000
50.000000000000
50.000000000000
50.000000000000
50.000000000000
50.000000000000
50.000000000000
50.000000000000
50.000000000000
50.000000000000
50.000000000000
50.000000000000
50.000000000000
50.000000000000
50.000000000000
50.000000000000
50.000000000000
50.000000000000
50.000000000000
50.000000000000
50.000000000000
50.000000000000
50.000000000000
50.000000000000
50.000000000000
50.000000000000
50.000000000000
50.000000000000
50.000000000000
50.000000000000
50.000000000000
50.000000000000
50.000000000000
50.000000000000
50.000000000000
50.000000000000
50.000000000000
50.000000000000
50.000000000000
50.000000000000
50.000000000000
50.000000000000
49.000000000000
48.000000000000
47.000000000000
46.000000000000
45.000000000000
44.000000000000
43.000000000000
42.000000000000
41.000000000000
40.000000000000
39.000000000000
38.000000000000
37.000000000000
36.000000000000
35.000000000000
34.000000000000
33.000000000000
32.000000000000
31.000000000000
30.000000000000
29.000000000000
28.000000000000
27.000000000000
26.000000000000
25.000000000000
24.000000000000
23.000000000000
22.000000000000
21.000000000000
20.000000000000
19.000000000000
18.000000000000
17.000000000000
16.000000000000
15.000000000000
14.000000000000
13.000000000000
12.000000000000
11.000000000000
10.000000000000
9.000000000000
8.000000000000
7.537114578357
7.104488904278
6.692375582861
6.565237000102
6.666270813001
6.782933558256
6.868560865690
7.002866912656
7.235231738032
7.552186073824
7.895928426053
8.226133399205
8.529716408189
8.808353629264
9.073213160033
9.329225470354
9.579466572793
9.822503019646
10.049847673597
10.260412065829
10.449103740480
10.620797752016
10.780333380266
10.928069755193
11.063476772919
11.185730067392
11.300468391108
11.413468900626
11.526733495315
11.634572777420
11.737748737993
11.839095654399
11.937631810583
12.020059286333
12.079088179293
12.111644371974
12.107554021982
12.049334798028
11.930717592543
11.754060782612
11.509260879279
11.195649776578
10.827605221571
10.409624605857
9.944884673305
9.456290194828
8.960785271874
8.458739384030
7.967789942900
7.507431664570
7.071343296727
6.672420144349
6.317123797082
5.994264129472
5.713291303896
5.474630883941
5.269689466453
5.117407074952
5.027126208768
5.015542915722
5.123142183217
5.356440451274
5.725681039425
6.226124097212
6.830306973697
7.565388887273
8.525415877695
9.525415877695
10.525415877695
11.525415877695
12.525415877695
13.525415877695
14.525415877695
15.525415877695
16.525415877695
17.525415877695
18.525415877695
19.525415877695
20.525415877695
21.525415877695
22.525415877695
23.525415877695
24.525415877695
25.525415877695
26.525415877695
27.525415877695
28.525415877695
29.525415877695
30.525415877695
31.525415877695
32.525415877695
33.525415877695
34.525415877695
35.525415877695
36.525415877695
37.525415877695
38.525415877695
39.525415877695
40.525415877695
41.525415877695
42.525415877695
43.525415877695
44.525415877695
45.525415877695
46.525415877695
47.525415877695
48.525415877695
49.525415877695
50.000000000000
50.000000000000
50.000000000000
50.000000000000
50.000000000000
50.000000000000
50.000000000000
50.000000000000
50.000000000000
50.000000000000
50.000000000000
50.000000000000
50.000000000000
50.000000000000
49.758220137568
50.000000000000
50.000000000000
50.000000000000
50.000000000000
50.000000000000
50.000000000000
50.000000000000
50.000000000000
50.000000000000
50.000000000000
50.000000000000
50.000000000000
50.000000000000
50.000000000000
50.000000000000
50.000000000000
50.000000000000
50.000000000000
50.000000000000
50.000000000000
50.000000000000
50.000000000000
50.000000000000
50.000000000000
50.000000000000
50.000000000000
50.000000000000
50.000000000000
50.000000000000
50.000000000000
50.000000000000
50.000000000000
50.000000000000
50.000000000000
50.000000000000
50.000000000000
50.000000000000
50.000000000000
50.000000000000
50.000000000000
50.000000000000
50.000000000000
50.000000000000
50.000000000000
50.000000000000
50.000000000000
50.000000000000
50.000000000000
50.000000000000
50.000000000000
50.000000000000
50.000000000000
50.000000000000
50.000000000000
50.000000000000
50.000000000000
50.000000000000
50.000000000000
50.000000000000
50.000000000000
50.000000000000
50.000000000000
50.000000000000
50.000000000000
50.000000000000
50.000000000000
50.000000000000
50.000000000000
50.000000000000
50.000000000000
50.000000000000
50.000000000000
50.000000000000
50.000000000000
50.000000000000
50.000000000000
50.000000000000
50.000000000000
50.000000000000
50.000000000000
50.000000000000
50.000000000000
50.000000000000
50.000000000000
50.000000000000
50.000000000000
50.000000000000
50.000000000000
50.000000000000
50.000000000000
50.000000000000
50.000000000000
50.000000000000
50.000000000000
50.000000000000
50.000000000000
50.000000000000
50.000000000000
50.000000000000
50.000000000000
50.000000000000
50.000000000000
50.000000000000
50.000000000000
50.000000000000
50.000000000000
50.000000000000
50.000000000000
50.000000000000
50.000000000000
50.000000000000
50.000000000000
50.000000000000
50.000000000000
50.000000000000
50.000000000000
50.000000000000
50.000000000000
50.000000000000
